##------CONJUNTOS
set D := D1 D2 D3 D4;
set K := 1 2;

set I := F1 F2 F3 F4 F5 F6 F7 F8 F9 F10 F11 F12 F13 F14 F15 F16 F17 F18 F19 F20 F21 F22 F23 F24;

# F1 -> Excel 1906, Comuna 19
# F2 -> Excel 1913, Comuna 19
# F3 -> Excel 1903, Comuna 19
# F4 -> Excel 1984, Comuna 19
# F5 -> Excel 1910, Comuna 19
# F6 -> Excel 2107, Comuna 21
# F7 -> Excel 2106, Comuna 21
# F8 -> Excel 2197, Comuna 21
# F9 -> Excel 2105, Comuna 21
# F10 -> Excel 2196, Comuna 21
# F11 -> Excel 1110, Comuna 11
# F12 -> Excel 1106, Comuna 11
# F13 -> Excel 1115, Comuna 11
# F14 -> Excel 1107, Comuna 11
# F15 -> Excel 1104, Comuna 11
# F16 -> Excel 703, Comuna 7
# F17 -> Excel 797, Comuna 7
# F18 -> Excel 706, Comuna 7
# F19 -> Excel 707, Comuna 7
# F20 -> Excel 704, Comuna 7
# F21 -> Excel 595, Comuna 5
# F22 -> Excel 502, Comuna 5
# F23 -> Excel 506, Comuna 5
# F24 -> Excel 597, Comuna 5

# Clústeres
set C := C1 C2 C3 C4 C5;
set IC[C1] := F1 F2 F3 F4 F5;
set IC[C2] := F6 F7 F8 F9 F10;
set IC[C3] := F11 F12 F13 F14 F15;
set IC[C4] := F16 F17 F18 F19 F20;
set IC[C5] := F21 F22 F23 F24;

# Número de vehículos por tipo y depósito
set R[D1,1] := V1 V2 V3 V4;
set R[D1,2] := K1 K2;
set R[D2,1] := V5 V6 V7 V8;
set R[D2,2] := K3;
set R[D3,1] := V9 V10 V11 V12;
set R[D3,2] := K4;
set R[D4,1] := V13 V14 V15 V16;
set R[D4,2] := K5 K6;

##------PARAMETROS GLOBALES
param Vel := 25;

##------CAPACIDAD DE VEHÍCULOS (agentes que pueden transportar)
param q :=
1 5
2 10
;

##------POLICÍAS DISPONIBLES en cada depósito
param h :=
D1 40
D2 30
D3 30
D4 40
;

##------VEHÍCULOS DISPONIBLES por tipo y depósito
param v:
	1	2 :=
D1	4	2
D2	4	1
D3	4	1
D4	4	2
;

##-----DISTANCIAS ENTRE NODOS [km]
param dist:
	F1	F2	F3	F4	F5	F6	F7	F8	F9	F10	F11	F12	F13	F14	F15	F16	F17	F18	F19	F20	F21	F22	F23	F24	D1	D2	D3	D4 :=
F1	0	2.13	2.22	2.03	2.85	10.33	11.05	10.68	10.79	10.4	4.31	3.94	4.42	4.73	3.79	9.56	6.76	9.11	8.54	10.06	10.46	8.84	10.57	8.97	4.0	10.09	2.68	8.38
F2	2.13	0	3.37	3.21	2.29	9.71	10.48	10.1	10.34	10.13	3.52	3.54	4.75	4.26	3.65	8.61	5.66	8.24	7.65	9.14	9.29	7.69	9.41	7.85	2.83	8.96	3.85	7.83
F3	2.22	3.37	0	1.53	3.67	11.38	12.07	11.71	11.72	11.2	5.52	5.0	4.89	5.79	4.71	10.79	8.03	10.32	9.74	11.28	11.71	10.11	11.83	10.25	5.25	11.36	1.45	9.4
F4	2.03	3.21	1.53	0	3.8	10.86	11.54	11.18	11.17	10.63	5.11	4.51	4.31	5.29	4.18	10.38	7.74	9.89	9.32	10.87	11.49	9.86	11.59	9.97	5.05	11.09	1.74	8.88
F5	2.85	2.29	3.67	3.8	0	10.82	11.62	11.23	11.56	11.41	4.65	4.84	6.04	5.53	4.99	9.39	6.22	9.12	8.55	9.95	9.47	8.01	9.65	8.25	3.35	9.32	4.16	9.0
F6	10.33	9.71	11.38	10.86	10.82	0	1.82	1.44	2.57	3.85	7.14	7.34	8.11	6.55	7.64	4.26	6.65	3.66	3.95	4.0	8.3	7.29	7.99	6.79	8.6	7.14	11.65	2.94
F7	11.05	10.48	12.07	11.54	11.62	1.82	0	1.34	2.08	3.55	7.93	8.06	8.65	7.26	8.3	5.04	7.53	4.5	4.82	4.72	9.06	8.11	8.73	7.61	9.43	7.89	12.31	3.62
F8	10.68	10.1	11.71	11.18	11.23	1.44	1.34	0	2.19	3.58	7.54	7.69	8.34	6.89	7.95	4.73	7.14	4.15	4.44	4.43	8.76	7.77	8.44	7.27	9.03	7.59	11.96	3.25
F9	10.79	10.34	11.72	11.17	11.56	2.57	2.08	2.19	0	2.42	7.86	7.82	8.1	7.04	7.97	5.86	7.94	5.21	5.4	5.62	9.9	8.82	9.6	8.34	9.5	8.74	11.92	3.54
F10	10.4	10.13	11.2	10.63	11.41	3.85	3.55	3.58	2.42	0	7.82	7.54	7.38	6.83	7.56	6.94	8.48	6.2	6.26	6.8	10.93	9.69	10.66	9.25	9.57	9.79	11.34	3.91
F11	4.31	3.52	5.52	5.11	4.65	7.14	7.93	7.54	7.86	7.82	0	2.04	4.19	2.12	2.68	6.21	3.84	5.75	5.17	6.71	7.78	6.07	7.8	6.05	2.76	7.17	5.9	5.3
F12	3.94	3.54	5.0	4.51	4.84	7.34	8.06	7.69	7.82	7.54	2.04	0	3.09	1.74	1.58	6.96	4.9	6.39	5.84	7.4	8.85	7.13	8.85	7.08	3.55	8.18	5.3	5.38
F13	4.42	4.75	4.89	4.31	6.04	8.11	8.65	8.34	8.1	7.38	4.19	3.09	0	3.38	2.48	8.58	6.99	7.9	7.41	8.94	10.92	9.21	10.89	9.11	5.53	10.18	4.95	6.14
F14	4.73	4.26	5.79	5.29	5.53	6.55	7.26	6.89	7.04	6.83	2.12	1.74	3.38	0	2.16	6.29	4.6	5.68	5.14	6.71	8.5	6.79	8.46	6.67	3.91	7.74	6.08	4.59
F15	3.79	3.65	4.71	4.18	4.99	7.64	8.3	7.95	7.97	7.56	2.68	1.58	2.48	2.16	0	7.49	5.54	6.89	6.35	7.92	9.48	7.77	9.48	7.71	4.04	8.81	4.96	5.65
F16	9.56	8.61	10.79	10.38	9.39	4.26	5.04	4.73	5.86	6.94	6.21	6.96	8.58	6.29	7.49	0	4.26	1.77	2.13	1.52	4.99	4.07	4.69	3.55	6.99	3.83	11.17	4.41
F17	6.76	5.66	8.03	7.74	6.22	6.65	7.53	7.14	7.94	8.48	3.84	4.9	6.99	4.6	5.54	4.26	0	4.23	3.74	4.83	4.89	3.18	4.91	3.19	3.85	4.31	8.48	5.52
F18	9.11	8.24	10.32	9.89	9.12	3.66	4.5	4.15	5.21	6.2	5.75	6.39	7.9	5.68	6.89	1.77	4.23	0	1.53	1.99	5.68	4.57	5.41	4.08	6.73	4.54	10.68	3.6
F19	8.54	7.65	9.74	9.32	8.55	3.95	4.82	4.44	5.4	6.26	5.17	5.84	7.41	5.14	6.35	2.13	3.74	1.53	0	2.51	5.66	4.38	5.43	3.93	6.16	4.56	10.11	3.47
F20	10.06	9.14	11.28	10.87	9.95	4.0	4.72	4.43	5.62	6.8	6.71	7.4	8.94	6.71	7.92	1.52	4.83	1.99	2.51	0	5.29	4.54	4.96	4.01	7.54	4.13	11.66	4.48
F21	10.46	9.29	11.71	11.49	9.47	8.3	9.06	8.76	9.9	10.93	7.78	8.85	10.92	8.5	9.48	4.99	4.89	5.68	5.66	5.29	0	2.66	1.35	2.82	7.41	2.11	12.19	8.18
F22	8.84	7.69	10.11	9.86	8.01	7.29	8.11	7.77	8.82	9.69	6.07	7.13	9.21	6.79	7.77	4.07	3.18	4.57	4.38	4.54	2.66	0	2.69	1.48	5.81	2.27	10.57	6.8
F23	10.57	9.41	11.83	11.59	9.65	7.99	8.73	8.44	9.6	10.66	7.8	8.85	10.89	8.46	9.48	4.69	4.91	5.41	5.43	4.96	1.35	2.69	0	2.73	7.53	1.82	12.3	7.95
F24	8.97	7.85	10.25	9.97	8.25	6.79	7.61	7.27	8.34	9.25	6.05	7.08	9.11	6.67	7.71	3.55	3.19	4.08	3.93	4.01	2.82	1.48	2.73	0	5.98	2.07	10.7	6.4
D1	4.0	2.83	5.25	5.05	3.35	8.6	9.43	9.03	9.5	9.57	2.76	3.55	5.53	3.91	4.04	6.99	3.85	6.73	6.16	7.54	7.41	5.81	7.53	5.98	0	7.09	5.73	6.9
D2	10.09	8.96	11.36	11.09	9.32	7.14	7.89	7.59	8.74	9.79	7.17	8.18	10.18	7.74	8.81	3.83	4.31	4.54	4.56	4.13	2.11	2.27	1.82	2.07	7.09	0	11.82	7.08
D3	2.68	3.85	1.45	1.74	4.16	11.65	12.31	11.96	11.92	11.34	5.9	5.3	4.95	6.08	4.96	11.17	8.48	10.68	10.11	11.66	12.19	10.57	12.3	10.7	5.73	11.82	0	9.66
D4	8.38	7.83	9.4	8.88	9.0	2.94	3.62	3.25	3.54	3.91	5.3	5.38	6.14	4.59	5.65	4.41	5.52	3.6	3.47	4.48	8.18	6.8	7.95	6.4	6.9	7.08	9.66	0
;

#### DEMANDA DE POLICÍAS (por nodo i)
param dem :=
F1 50
F2 100
F3 75
F4 75
F5 25
F6 125
F7 25
F8 75
F9 125
F10 125
F11 25
F12 125
F13 25
F14 75
F15 75
F16 125
F17 100
F18 25
F19 100
F20 25
F21 75
F22 125
F23 100
F24 25
;

#### DEMANDA DE VEHÍCULOS (por tipo)
param mu:
    1   2 :=
 F1  0  2
 F2  0  2
 F3  0  2
 F4  0  1
 F5  0  1
 F6  0  2
 F7  0  1
 F8  0  1
 F9  0  2
 F10  0  2
 F11  0  1
 F12  0  2
 F13  0  1
 F14  0  1
 F15  0  2
 F16  0  2
 F17  0  3
 F18  0  1
 F19  0  3
 F20  0  1
 F21  0  1
 F22  0  3
 F23  0  2
 F24  0  1
;

#### TIEMPOS DE SERVICIO [horas]
param s :=
F1 0.89
F2 1.64
F3 1.17
F4 1.33
F5 0.47
F6 1.77
F7 0.41
F8 1.10
F9 1.85
F10 2.00
F11 0.36
F12 1.82
F13 0.45
F14 1.30
F15 1.39
F16 2.19
F17 1.46
F18 0.39
F19 1.66
F20 0.46
F21 1.18
F22 2.39
F23 1.52
F24 0.46
;

#### VENTANAS DE TIEMPO [horas]
param alpha :=
F1 6
F2 10
F3 6
F4 12
F5 12
F6 13
F7 7
F8 10
F9 9
F10 9
F11 9
F12 7
F13 11
F14 13
F15 11
F16 7
F17 7
F18 8
F19 14
F20 12
F21 8
F22 8
F23 13
F24 8
;

param beta :=
F1 15
F2 18
F3 10
F4 18
F5 20
F6 23
F7 15
F8 16
F9 13
F10 16
F11 18
F12 17
F13 21
F14 18
F15 18
F16 14
F17 15
F18 16
F19 20
F20 22
F21 13
F22 12
F23 18
F24 16
;

#### PRIORIDAD DE LOS NODOS
param P :=
F1 0.272
F2 0.288
F3 0.216
F4 0.300
F5 0.227
F6 0.472
F7 0.585
F8 0.514
F9 0.518
F10 0.484
F11 0.283
F12 0.378
F13 0.276
F14 0.455
F15 0.407
F16 0.393
F17 0.141
F18 0.309
F19 0.286
F20 0.240
F21 0.327
F22 0.217
F23 0.151
F24 0.277
;

