##------CONJUNTOS
set D := D1 D2 D3 D4;
set K := 1 2;

set I := F1 F2 F3 F4 F5 F6 F7 F8 F9 F10 F11 F12 F13 F14 F15 F16 F17 F18 F19 F20 F21 F22 F23 F24;

# F1 -> Excel 1701, Comuna 17
# F2 -> Excel 1781, Comuna 17
# F3 -> Excel 1794, Comuna 17
# F4 -> Excel 1787, Comuna 17
# F5 -> Excel 1783, Comuna 17
# F6 -> Excel 2297, Comuna 22
# F7 -> Excel 2201, Comuna 22
# F8 -> Excel 2298, Comuna 22
# F9 -> Excel 2299, Comuna 22
# F10 -> Excel 594, Comuna 5
# F11 -> Excel 506, Comuna 5
# F12 -> Excel 597, Comuna 5
# F13 -> Excel 599, Comuna 5
# F14 -> Excel 595, Comuna 5
# F15 -> Excel 711, Comuna 7
# F16 -> Excel 797, Comuna 7
# F17 -> Excel 701, Comuna 7
# F18 -> Excel 798, Comuna 7
# F19 -> Excel 706, Comuna 7
# F20 -> Excel 1603, Comuna 16
# F21 -> Excel 1604, Comuna 16
# F22 -> Excel 1698, Comuna 16
# F23 -> Excel 1696, Comuna 16
# F24 -> Excel 1601, Comuna 16

# Clústeres
set C := C1 C2 C3 C4 C5;
set IC[C1] := F1 F2 F3 F4 F5;
set IC[C2] := F6 F7 F8 F9;
set IC[C3] := F10 F11 F12 F13 F14;
set IC[C4] := F15 F16 F17 F18 F19;
set IC[C5] := F20 F21 F22 F23 F24;

# Número de vehículos por tipo y depósito
set R[D1,1] := V1 V2 V3 V4;
set R[D1,2] := K1 K2;
set R[D2,1] := V5 V6 V7 V8;
set R[D2,2] := K3;
set R[D3,1] := V9 V10 V11 V12;
set R[D3,2] := K4;
set R[D4,1] := V13 V14 V15 V16;
set R[D4,2] := K5 K6;

##------PARAMETROS GLOBALES
param Vel := 25;

##------CAPACIDAD DE VEHÍCULOS (agentes que pueden transportar)
param q :=
1 5
2 10
;

##------POLICÍAS DISPONIBLES en cada depósito
param h :=
D1 40
D2 30
D3 30
D4 40
;

##------VEHÍCULOS DISPONIBLES por tipo y depósito
param v:
	1	2 :=
D1	4	2
D2	4	1
D3	4	1
D4	4	2
;

##-----DISTANCIAS ENTRE NODOS [km]
param dist:
	F1	F2	F3	F4	F5	F6	F7	F8	F9	F10	F11	F12	F13	F14	F15	F16	F17	F18	F19	F20	F21	F22	F23	F24	D1	D2	D3	D4 :=
F1	0	1.63	3.48	4.5	2.77	3.53	2.06	1.64	1.66	15.01	15.79	14.02	14.03	15.8	12.39	11.85	14.6	13.99	12.76	6.88	8.13	4.89	4.84	5.49	9.84	15.11	6.18	10.68
F2	1.63	0	3.09	3.98	2.1	4.1	2.55	2.32	2.32	14.46	15.25	13.49	13.52	15.25	11.88	11.3	14.14	13.51	12.35	6.54	7.78	4.51	4.66	5.06	9.21	14.59	5.49	10.36
F3	3.48	3.09	0	2.14	2.54	4.67	3.44	3.95	4.14	12.54	13.32	11.54	11.52	13.34	9.87	9.4	12.06	11.47	10.23	4.39	5.63	2.37	2.74	2.95	7.63	12.61	5.1	8.21
F4	4.5	3.98	2.14	0	3.04	5.87	4.62	5.05	5.2	11.45	12.24	10.47	10.48	12.24	8.85	8.3	11.12	10.47	9.37	3.81	4.98	1.99	3.12	2.23	6.44	11.56	4.3	7.58
F5	2.77	2.1	2.54	3.04	0	4.99	3.44	3.44	3.47	13.41	14.21	12.45	12.5	14.18	10.89	10.24	13.2	12.53	11.47	5.82	7.03	3.8	4.33	4.26	8.08	13.56	4.42	9.63
F6	3.53	4.1	4.67	5.87	4.99	0	2.51	2.99	3.26	15.91	16.65	14.86	14.78	16.72	13.11	12.85	15.06	14.6	13.06	7.22	8.37	5.68	4.89	6.31	11.33	15.88	8.44	10.65
F7	2.06	2.55	3.44	4.62	3.44	2.51	0	1.82	2.14	15.0	15.77	13.98	13.95	15.8	12.29	11.88	14.39	13.84	12.47	6.54	7.77	4.71	4.3	5.34	10.11	15.04	6.91	10.23
F8	1.64	2.32	3.95	5.05	3.44	2.99	1.82	0	1.26	15.54	16.32	14.54	14.53	16.34	12.88	12.39	15.04	14.46	13.16	7.25	8.49	5.32	5.08	5.94	10.46	15.62	6.87	11.0
F9	1.66	2.32	4.14	5.2	3.47	3.26	2.14	1.26	0	15.7	16.49	14.71	14.71	16.5	13.06	12.55	15.25	14.66	13.39	7.49	8.73	5.53	5.35	6.14	10.55	15.8	6.84	11.25
F10	15.01	14.46	12.54	11.45	13.41	15.91	15.0	15.54	15.7	0	1.77	2.03	2.33	1.75	3.83	4.11	3.54	2.98	5.03	9.69	8.7	11.25	11.99	10.61	6.7	1.72	11.48	7.45
F11	15.79	15.25	13.32	12.24	14.21	16.65	15.77	16.32	16.49	1.77	0	2.73	2.87	1.35	4.5	4.91	3.62	3.34	5.41	10.4	9.37	12.01	12.72	11.37	7.53	1.82	12.3	7.95
F12	14.02	13.49	11.54	10.47	12.45	14.86	13.98	14.54	14.71	2.03	2.73	0	1.45	2.82	2.75	3.19	3.05	2.21	4.08	8.62	7.62	10.22	10.94	9.59	5.98	2.07	10.7	6.4
F13	14.03	13.52	11.52	10.48	12.5	14.78	13.95	14.53	14.71	2.33	2.87	1.45	0	3.06	2.61	3.36	2.55	1.71	3.65	8.51	7.46	10.18	10.84	9.55	6.23	2.05	10.89	6.07
F14	15.8	15.25	13.34	12.24	14.18	16.72	15.8	16.34	16.5	1.75	1.35	2.82	3.06	0	4.62	4.89	3.97	3.61	5.68	10.49	9.5	12.05	12.8	11.41	7.41	2.11	12.19	8.18
F15	12.39	11.88	9.87	8.85	10.89	13.11	12.29	12.88	13.06	3.83	4.5	2.75	2.61	4.62	0	2.28	3.43	2.61	2.95	6.85	5.82	8.52	9.18	7.89	5.07	3.72	9.49	4.75
F16	11.85	11.3	9.4	8.3	10.24	12.85	11.88	12.39	12.55	4.11	4.91	3.19	3.36	4.89	2.28	0	4.61	3.69	4.23	6.73	5.9	8.14	8.96	7.5	3.85	4.31	8.48	5.52
F17	14.6	14.14	12.06	11.12	13.2	15.06	14.39	15.04	15.25	3.54	3.62	3.05	2.55	3.97	3.43	4.61	0	1.89	3.05	8.81	7.64	10.67	11.14	10.06	7.5	2.83	11.96	5.7
F18	13.99	13.51	11.47	10.47	12.53	14.6	13.84	14.46	14.66	2.98	3.34	2.21	1.71	3.61	2.61	3.69	1.89	0	3.02	8.32	7.21	10.09	10.66	9.47	6.6	2.47	11.13	5.57
F19	12.76	12.35	10.23	9.37	11.47	13.06	12.47	13.16	13.39	5.03	5.41	4.08	3.65	5.68	2.95	4.23	3.05	3.02	0	6.87	5.66	8.81	9.17	8.23	6.73	4.54	10.68	3.6
F20	6.88	6.54	4.39	3.81	5.82	7.22	6.54	7.25	7.49	9.69	10.4	8.62	8.51	10.49	6.85	6.73	8.81	8.32	6.87	0	2.19	2.98	3.28	2.53	6.06	9.62	6.52	4.77
F21	8.13	7.78	5.63	4.98	7.03	8.37	7.77	8.49	8.73	8.7	9.37	7.62	7.46	9.5	5.82	5.9	7.64	7.21	5.66	2.19	0	4.22	4.46	3.72	5.86	8.56	7.34	3.55
F22	4.89	4.51	2.37	1.99	3.8	5.68	4.71	5.32	5.53	11.25	12.01	10.22	10.18	12.05	8.52	8.14	10.67	10.09	8.81	2.98	4.22	0	2.22	1.58	6.67	11.28	5.28	6.81
F23	4.84	4.66	2.74	3.12	4.33	4.89	4.3	5.08	5.35	11.99	12.72	10.94	10.84	12.8	9.18	8.96	11.14	10.66	9.17	3.28	4.46	2.22	0	2.67	7.8	11.95	6.48	6.88
F24	5.49	5.06	2.95	2.23	4.26	6.31	5.34	5.94	6.14	10.61	11.37	9.59	9.55	11.41	7.89	7.5	10.06	9.47	8.23	2.53	3.72	1.58	2.67	0	6.09	10.65	5.21	6.32
D1	9.84	9.21	7.63	6.44	8.08	11.33	10.11	10.46	10.55	6.7	7.53	5.98	6.23	7.41	5.07	3.85	7.5	6.6	6.73	6.06	5.86	6.67	7.8	6.09	0	7.09	5.73	6.9
D2	15.11	14.59	12.61	11.56	13.56	15.88	15.04	15.62	15.8	1.72	1.82	2.07	2.05	2.11	3.72	4.31	2.83	2.47	4.54	9.62	8.56	11.28	11.95	10.65	7.09	0	11.82	7.08
D3	6.18	5.49	5.1	4.3	4.42	8.44	6.91	6.87	6.84	11.48	12.3	10.7	10.89	12.19	9.49	8.48	11.96	11.13	10.68	6.52	7.34	5.28	6.48	5.21	5.73	11.82	0	9.66
D4	10.68	10.36	8.21	7.58	9.63	10.65	10.23	11.0	11.25	7.45	7.95	6.4	6.07	8.18	4.75	5.52	5.7	5.57	3.6	4.77	3.55	6.81	6.88	6.32	6.9	7.08	9.66	0
;

#### DEMANDA DE POLICÍAS (por nodo i)
param dem :=
F1 100
F2 75
F3 25
F4 100
F5 50
F6 100
F7 100
F8 75
F9 50
F10 100
F11 25
F12 100
F13 75
F14 100
F15 75
F16 100
F17 100
F18 100
F19 75
F20 25
F21 75
F22 25
F23 25
F24 125
;

#### DEMANDA DE VEHÍCULOS (por tipo)
param mu:
    1   2 :=
 F1  0  3
 F2  0  1
 F3  0  1
 F4  0  2
 F5  0  1
 F6  0  3
 F7  0  3
 F8  0  1
 F9  0  2
 F10  0  3
 F11  0  1
 F12  0  2
 F13  0  2
 F14  0  3
 F15  0  2
 F16  0  2
 F17  0  3
 F18  0  3
 F19  0  2
 F20  0  1
 F21  0  1
 F22  0  1
 F23  0  1
 F24  0  3
;

#### TIEMPOS DE SERVICIO [horas]
param s :=
F1 1.49
F2 1.12
F3 0.46
F4 1.71
F5 0.93
F6 1.57
F7 1.42
F8 1.22
F9 0.85
F10 1.57
F11 0.35
F12 1.73
F13 1.40
F14 1.97
F15 1.17
F16 1.78
F17 1.87
F18 1.42
F19 1.28
F20 0.37
F21 1.42
F22 0.44
F23 0.44
F24 2.39
;

#### VENTANAS DE TIEMPO [horas]
param alpha :=
F1 13
F2 14
F3 11
F4 11
F5 10
F6 11
F7 11
F8 11
F9 8
F10 12
F11 6
F12 12
F13 8
F14 9
F15 12
F16 12
F17 13
F18 6
F19 8
F20 13
F21 9
F22 9
F23 10
F24 6
;

param beta :=
F1 17
F2 24
F3 19
F4 20
F5 16
F6 20
F7 18
F8 18
F9 17
F10 18
F11 10
F12 22
F13 12
F14 17
F15 18
F16 20
F17 23
F18 14
F19 18
F20 23
F21 13
F22 17
F23 20
F24 10
;

#### PRIORIDAD DE LOS NODOS
param P :=
F1 0.317
F2 0.355
F3 0.163
F4 0.283
F5 0.237
F6 0.256
F7 0.208
F8 0.101
F9 0.084
F10 0.232
F11 0.236
F12 0.252
F13 0.188
F14 0.285
F15 0.112
F16 0.248
F17 0.279
F18 0.363
F19 0.364
F20 0.337
F21 0.303
F22 0.503
F23 0.166
F24 0.328
;

