##------CONJUNTOS
set D := D1 D2 D3 D4;
set K := 1 2;

set I := F1 F2 F3 F4 F5 F6 F7 F8 F9 F10 F11 F12 F13 F14 F15 F16 F17 F18 F19 F20 F21 F22 F23 F24;

# F1 -> Excel 610, Comuna 6
# F2 -> Excel 609, Comuna 6
# F3 -> Excel 697, Comuna 6
# F4 -> Excel 608, Comuna 6
# F5 -> Excel 695, Comuna 6
# F6 -> Excel 1504, Comuna 15
# F7 -> Excel 1599, Comuna 15
# F8 -> Excel 1598, Comuna 15
# F9 -> Excel 1503, Comuna 15
# F10 -> Excel 214, Comuna 2
# F11 -> Excel 204, Comuna 2
# F12 -> Excel 217, Comuna 2
# F13 -> Excel 212, Comuna 2
# F14 -> Excel 203, Comuna 2
# F15 -> Excel 2099, Comuna 20
# F16 -> Excel 2008, Comuna 20
# F17 -> Excel 2003, Comuna 20
# F18 -> Excel 2006, Comuna 20
# F19 -> Excel 2001, Comuna 20
# F20 -> Excel 1917, Comuna 19
# F21 -> Excel 1981, Comuna 19
# F22 -> Excel 1988, Comuna 19
# F23 -> Excel 1907, Comuna 19
# F24 -> Excel 1914, Comuna 19

# Clústeres
set C := C1 C2 C3 C4 C5;
set IC[C1] := F1 F2 F3 F4 F5;
set IC[C2] := F6 F7 F8 F9;
set IC[C3] := F10 F11 F12 F13 F14;
set IC[C4] := F15 F16 F17 F18 F19;
set IC[C5] := F20 F21 F22 F23 F24;

# Número de vehículos por tipo y depósito
set R[D1,1] := V1 V2 V3 V4;
set R[D1,2] := K1 K2;
set R[D2,1] := V5 V6 V7 V8;
set R[D2,2] := K3;
set R[D3,1] := V9 V10 V11 V12;
set R[D3,2] := K4;
set R[D4,1] := V13 V14 V15 V16;
set R[D4,2] := K5 K6;

##------PARAMETROS GLOBALES
param Vel := 25;

##------CAPACIDAD DE VEHÍCULOS (agentes que pueden transportar)
param q :=
1 5
2 10
;

##------POLICÍAS DISPONIBLES en cada depósito
param h :=
D1 40
D2 30
D3 30
D4 40
;

##------VEHÍCULOS DISPONIBLES por tipo y depósito
param v:
	1	2 :=
D1	4	2
D2	4	1
D3	4	1
D4	4	2
;

##-----DISTANCIAS ENTRE NODOS [km]
param dist:
	F1	F2	F3	F4	F5	F6	F7	F8	F9	F10	F11	F12	F13	F14	F15	F16	F17	F18	F19	F20	F21	F22	F23	F24	D1	D2	D3	D4 :=
F1	0	3.74	2.5	2.02	2.45	12.48	13.51	11.23	11.37	5.58	9.04	3.26	5.17	12.8	13.96	14.51	13.17	14.33	14.46	11.11	12.38	8.46	12.25	11.25	8.87	3.61	13.63	9.75
F2	3.74	0	2.27	3.74	2.32	10.29	11.4	8.9	9.12	6.69	9.01	4.42	6.31	12.84	13.45	13.88	12.53	13.73	13.79	10.84	11.76	8.05	11.53	10.23	8.09	2.05	12.77	7.26
F3	2.5	2.27	0	2.87	1.65	11.47	12.56	10.13	10.32	6.34	9.25	3.91	5.94	13.09	13.96	14.44	13.09	14.27	14.37	11.22	12.3	8.45	12.11	10.94	8.66	2.63	13.42	8.53
F4	2.02	3.74	2.87	0	2.39	11.75	12.74	10.58	10.68	4.58	7.97	2.2	4.17	11.73	12.89	13.45	12.11	13.26	13.4	10.04	11.32	7.39	11.2	10.23	7.83	3.19	12.59	9.21
F5	2.45	2.32	1.65	2.39	0	11.07	12.14	9.78	9.95	5.68	8.55	3.28	5.28	12.38	13.27	13.77	12.41	13.6	13.69	10.52	11.63	7.76	11.45	10.3	8.0	2.15	12.77	8.26
F6	12.48	10.29	11.47	11.75	11.07	0	2.14	2.52	2.14	11.36	9.19	11.19	11.32	10.88	9.4	9.21	8.44	9.22	9.01	8.96	8.14	8.1	7.66	6.26	7.07	9.87	7.71	4.32
F7	13.51	11.4	12.56	12.74	12.14	2.14	0	3.71	3.32	12.09	9.55	12.11	12.08	10.78	9.04	8.75	8.15	8.79	8.55	9.03	7.98	8.57	7.5	6.3	7.54	10.93	7.29	5.52
F8	11.23	8.9	10.13	10.58	9.78	2.52	3.71	0	1.45	10.64	9.05	10.16	10.54	11.32	10.17	10.09	9.16	10.08	9.91	9.24	8.73	7.84	8.26	6.71	6.87	8.58	8.59	2.76
F9	11.37	9.12	10.32	10.68	9.95	2.14	3.32	1.45	0	10.55	8.77	10.19	10.47	10.9	9.7	9.61	8.69	9.59	9.42	8.85	8.28	7.59	7.81	6.28	6.6	8.74	8.1	3.16
F10	5.58	6.69	6.34	4.58	5.68	11.36	12.09	10.64	10.55	0	4.95	3.38	1.35	8.4	9.97	10.63	9.36	10.42	10.62	7.06	8.61	4.97	8.62	8.12	5.82	5.65	10.08	9.83
F11	9.04	9.01	9.25	7.97	8.55	9.19	9.55	9.05	8.77	4.95	0	6.74	5.23	4.79	5.98	6.62	5.36	6.42	6.61	3.06	4.62	2.25	4.68	4.57	3.13	7.91	6.13	9.02
F12	3.26	4.42	3.91	2.2	3.28	11.19	12.11	10.16	10.19	3.38	6.74	0	2.97	10.48	11.7	12.28	10.95	12.09	12.24	8.83	10.16	6.24	10.07	9.18	6.77	3.52	11.48	8.96
F13	5.17	6.31	5.94	4.17	5.28	11.32	12.08	10.54	10.47	1.35	5.23	2.97	0	8.75	10.26	10.9	9.62	10.7	10.89	7.34	8.86	5.13	8.85	8.27	5.93	5.28	10.31	9.67
F14	12.8	12.84	13.09	11.73	12.38	10.88	10.78	11.32	10.9	8.4	4.79	10.48	8.75	0	3.51	4.28	3.83	4.07	4.41	3.16	3.76	5.8	4.23	5.58	6.15	11.75	4.93	11.84
F15	13.96	13.45	13.96	12.89	13.27	9.4	9.04	10.17	9.7	9.97	5.98	11.7	10.26	3.51	0	1.73	1.99	1.51	1.84	3.86	2.66	6.47	3.02	4.61	6.32	12.44	2.71	11.08
F16	14.51	13.88	14.44	13.45	13.77	9.21	8.75	10.09	9.61	10.63	6.62	12.28	10.9	4.28	1.73	0	2.3	1.17	1.15	4.53	3.08	7.0	3.31	4.79	6.74	12.88	2.45	11.13
F17	13.17	12.53	13.09	12.11	12.41	8.44	8.15	9.16	8.69	9.36	5.36	10.95	9.62	3.83	1.99	2.3	0	2.14	2.24	3.33	1.73	5.66	1.99	3.58	5.4	11.54	2.06	10.04
F18	14.33	13.73	14.27	13.26	13.6	9.22	8.79	10.08	9.59	10.42	6.42	12.09	10.7	4.07	1.51	1.17	2.14	0	1.3	4.32	2.92	6.82	3.17	4.69	6.59	12.73	2.46	11.08
F19	14.46	13.79	14.37	13.4	13.69	9.01	8.55	9.91	9.42	10.62	6.61	12.24	10.89	4.41	1.84	1.15	2.24	1.3	0	4.53	3.02	6.95	3.21	4.66	6.66	12.8	2.27	10.96
F20	11.11	10.84	11.22	10.04	10.52	8.96	9.03	9.24	8.85	7.06	3.06	8.83	7.34	3.16	3.86	4.53	3.33	4.32	4.53	0	2.68	3.74	2.92	3.68	3.95	9.78	4.25	9.66
F21	12.38	11.76	12.3	11.32	11.63	8.14	7.98	8.73	8.28	8.61	4.62	10.16	8.86	3.76	2.66	3.08	1.73	2.92	3.02	2.68	0	4.87	1.43	3.0	4.62	10.76	2.52	9.5
F22	8.46	8.05	8.45	7.39	7.76	8.1	8.57	7.84	7.59	4.97	2.25	6.24	5.13	5.8	6.47	7.0	5.66	6.82	6.95	3.74	4.87	0	4.77	4.1	1.98	6.98	6.2	7.73
F23	12.25	11.53	12.11	11.2	11.45	7.66	7.5	8.26	7.81	8.62	4.68	10.07	8.85	4.23	3.02	3.31	1.99	3.17	3.21	2.92	1.43	4.77	0	2.56	4.4	10.54	2.4	9.06
F24	11.25	10.23	10.94	10.23	10.3	6.26	6.3	6.71	6.28	8.12	4.57	9.18	8.27	5.58	4.61	4.79	3.58	4.69	4.66	3.68	3.0	4.1	2.56	0	3.36	9.31	3.5	7.44
D1	8.87	8.09	8.66	7.83	8.0	7.07	7.54	6.87	6.6	5.82	3.13	6.77	5.93	6.15	6.32	6.74	5.4	6.59	6.66	3.95	4.62	1.98	4.4	3.36	0	7.09	5.73	6.9
D2	3.61	2.05	2.63	3.19	2.15	9.87	10.93	8.58	8.74	5.65	7.91	3.52	5.28	11.75	12.44	12.88	11.54	12.73	12.8	9.78	10.76	6.98	10.54	9.31	7.09	0	11.82	7.08
D3	13.63	12.77	13.42	12.59	12.77	7.71	7.29	8.59	8.1	10.08	6.13	11.48	10.31	4.93	2.71	2.45	2.06	2.46	2.27	4.25	2.52	6.2	2.4	3.5	5.73	11.82	0	9.66
D4	9.75	7.26	8.53	9.21	8.26	4.32	5.52	2.76	3.16	9.83	9.02	8.96	9.67	11.84	11.08	11.13	10.04	11.08	10.96	9.66	9.5	7.73	9.06	7.44	6.9	7.08	9.66	0
;

#### DEMANDA DE POLICÍAS (por nodo i)
param dem :=
F1 100
F2 50
F3 75
F4 50
F5 125
F6 50
F7 25
F8 125
F9 100
F10 125
F11 75
F12 125
F13 125
F14 50
F15 100
F16 50
F17 75
F18 125
F19 25
F20 50
F21 75
F22 50
F23 100
F24 25
;

#### DEMANDA DE VEHÍCULOS (por tipo)
param mu:
    1   2 :=
 F1  0  3
 F2  0  1
 F3  0  1
 F4  0  2
 F5  0  2
 F6  0  2
 F7  0  1
 F8  0  3
 F9  0  2
 F10  0  3
 F11  0  2
 F12  0  2
 F13  0  3
 F14  0  1
 F15  0  3
 F16  0  1
 F17  0  1
 F18  0  2
 F19  0  1
 F20  0  2
 F21  0  1
 F22  0  2
 F23  0  3
 F24  0  1
;

#### TIEMPOS DE SERVICIO [horas]
param s :=
F1 1.93
F2 0.76
F3 1.49
F4 0.75
F5 2.10
F6 0.77
F7 0.39
F8 2.20
F9 1.56
F10 2.37
F11 1.11
F12 2.21
F13 1.99
F14 0.71
F15 1.76
F16 0.73
F17 1.14
F18 1.83
F19 0.44
F20 0.84
F21 1.23
F22 0.96
F23 1.65
F24 0.37
;

#### VENTANAS DE TIEMPO [horas]
param alpha :=
F1 8
F2 12
F3 13
F4 13
F5 13
F6 7
F7 10
F8 14
F9 6
F10 13
F11 12
F12 10
F13 6
F14 8
F15 7
F16 14
F17 12
F18 6
F19 8
F20 11
F21 10
F22 6
F23 10
F24 7
;

param beta :=
F1 16
F2 22
F3 22
F4 19
F5 21
F6 17
F7 17
F8 23
F9 15
F10 18
F11 20
F12 19
F13 15
F14 17
F15 14
F16 21
F17 21
F18 13
F19 14
F20 18
F21 16
F22 12
F23 18
F24 13
;

#### PRIORIDAD DE LOS NODOS
param P :=
F1 0.481
F2 0.339
F3 0.511
F4 0.464
F5 0.368
F6 0.544
F7 0.665
F8 0.652
F9 0.685
F10 0.313
F11 0.209
F12 0.286
F13 0.225
F14 0.202
F15 0.583
F16 0.431
F17 0.464
F18 0.414
F19 0.440
F20 0.374
F21 0.247
F22 0.369
F23 0.312
F24 0.200
;

