##------CONJUNTOS
set D := D1 D2 D3 D4;
set K := 1 2;

set I := F1 F2 F3 F4 F5 F6 F7 F8 F9 F10 F11 F12 F13 F14 F15 F16 F17 F18 F19 F20;

# F1 -> Excel 1119, Comuna 11
# F2 -> Excel 1109, Comuna 11
# F3 -> Excel 1116, Comuna 11
# F4 -> Excel 1104, Comuna 11
# F5 -> Excel 1498, Comuna 14
# F6 -> Excel 1499, Comuna 14
# F7 -> Excel 1405, Comuna 14
# F8 -> Excel 1402, Comuna 14
# F9 -> Excel 1905, Comuna 19
# F10 -> Excel 1912, Comuna 19
# F11 -> Excel 1916, Comuna 19
# F12 -> Excel 1994, Comuna 19
# F13 -> Excel 1698, Comuna 16
# F14 -> Excel 1603, Comuna 16
# F15 -> Excel 1697, Comuna 16
# F16 -> Excel 1602, Comuna 16
# F17 -> Excel 314, Comuna 3
# F18 -> Excel 311, Comuna 3
# F19 -> Excel 310, Comuna 3
# F20 -> Excel 307, Comuna 3

# Clústeres
set C := C1 C2 C3 C4 C5;
set IC[C1] := F1 F2 F3 F4;
set IC[C2] := F5 F6 F7 F8;
set IC[C3] := F9 F10 F11 F12;
set IC[C4] := F13 F14 F15 F16;
set IC[C5] := F17 F18 F19 F20;

# Número de vehículos por tipo y depósito
set R[D1,1] := V1 V2 V3 V4;
set R[D1,2] := K1 K2;
set R[D2,1] := V5 V6 V7 V8;
set R[D2,2] := K3;
set R[D3,1] := V9 V10 V11 V12;
set R[D3,2] := K4;
set R[D4,1] := V13 V14 V15 V16;
set R[D4,2] := K5 K6;

##------PARAMETROS GLOBALES
param Vel := 25;

##------CAPACIDAD DE VEHÍCULOS (agentes que pueden transportar)
param q :=
1 5
2 10
;

##------POLICÍAS DISPONIBLES en cada depósito
param h :=
D1 40
D2 30
D3 30
D4 40
;

##------VEHÍCULOS DISPONIBLES por tipo y depósito
param v:
	1	2 :=
D1	4	2
D2	4	1
D3	4	1
D4	4	2
;

##-----DISTANCIAS ENTRE NODOS [km]
param dist:
	F1	F2	F3	F4	F5	F6	F7	F8	F9	F10	F11	F12	F13	F14	F15	F16	F17	F18	F19	F20	D1	D2	D3	D4 :=
F1	0	2.0	1.56	2.31	5.85	5.44	4.79	5.25	4.5	4.6	4.63	6.05	4.62	3.27	5.51	3.38	5.51	5.22	4.74	4.65	3.93	7.61	6.23	4.46
F2	2.0	0	2.55	2.52	6.62	6.15	5.48	5.86	3.97	3.76	4.25	5.95	5.2	4.21	6.21	4.16	4.58	4.17	3.69	3.6	2.87	7.3	5.83	5.27
F3	1.56	2.55	0	2.78	5.26	4.87	4.24	4.72	5.08	5.21	5.18	6.49	4.74	3.1	5.51	3.37	5.86	5.72	5.24	5.2	4.45	7.52	6.77	3.87
F4	2.31	2.52	2.78	0	7.04	6.68	6.06	6.55	3.39	3.88	3.39	4.68	3.65	3.12	4.7	2.82	6.04	5.31	4.88	4.6	4.04	8.81	4.96	5.65
F5	5.85	6.62	5.26	7.04	0	1.54	2.16	2.14	9.4	9.43	9.48	10.57	8.04	6.01	8.24	6.68	8.61	9.22	8.76	8.96	8.18	7.29	11.05	2.34
F6	5.44	6.15	4.87	6.68	1.54	0	1.62	1.57	9.0	8.97	9.11	10.29	7.89	5.85	8.19	6.49	8.02	8.67	8.21	8.42	7.65	6.77	10.69	2.03
F7	4.79	5.48	4.24	6.06	2.16	1.62	0	1.53	8.35	8.3	8.47	9.71	7.41	5.38	7.79	5.99	7.41	8.01	7.55	7.75	6.97	6.51	10.06	1.63
F8	5.25	5.86	4.72	6.55	2.14	1.57	1.53	0	8.79	8.67	8.94	10.23	7.99	5.96	8.38	6.57	7.49	8.21	7.77	8.01	7.24	6.16	10.53	2.2
F9	4.5	3.97	5.08	3.39	9.4	9.0	8.35	8.79	0	2.2	1.52	3.45	4.81	5.36	5.92	4.83	6.05	4.69	4.48	3.93	3.93	9.95	2.84	8.01
F10	4.6	3.76	5.21	3.88	9.43	8.97	8.3	8.67	2.2	0	2.77	4.67	5.88	6.04	7.01	5.62	4.93	3.48	3.33	2.75	2.96	9.1	3.76	8.07
F11	4.63	4.25	5.18	3.39	9.48	9.11	8.47	8.94	1.52	2.77	0	2.9	4.39	5.17	5.48	4.58	6.58	5.25	5.03	4.49	4.45	10.38	2.55	8.09
F12	6.05	5.95	6.49	4.68	10.57	10.29	9.71	10.23	3.45	4.67	2.9	0	4.09	5.7	4.88	5.01	8.54	7.19	6.98	6.43	6.4	12.24	2.45	9.22
F13	4.62	5.2	4.74	3.65	8.04	7.89	7.41	7.99	4.81	5.88	4.39	4.09	0	2.98	2.08	2.38	8.73	7.87	7.48	7.11	6.67	11.28	5.28	6.81
F14	3.27	4.21	3.1	3.12	6.01	5.85	5.38	5.96	5.36	6.04	5.17	5.7	2.98	0	3.46	1.64	7.82	7.36	6.9	6.69	6.06	9.62	6.52	4.77
F15	5.51	6.21	5.51	4.7	8.24	8.19	7.79	8.38	5.92	7.01	5.48	4.88	2.08	3.46	0	3.09	9.79	8.98	8.58	8.23	7.76	12.09	6.21	7.14
F16	3.38	4.16	3.37	2.82	6.68	6.49	5.99	6.57	4.83	5.62	4.58	5.01	2.38	1.64	3.09	0	7.79	7.17	6.73	6.47	5.89	9.95	5.87	5.41
F17	5.51	4.58	5.86	6.04	8.61	8.02	7.41	7.49	6.05	4.93	6.58	8.54	8.73	7.82	9.79	7.79	0	2.55	2.55	3.13	3.12	5.55	7.74	7.57
F18	5.22	4.17	5.72	5.31	9.22	8.67	8.01	8.21	4.69	3.48	5.25	7.19	7.87	7.36	8.98	7.17	2.55	0	1.43	1.73	2.25	7.1	6.25	8.02
F19	4.74	3.69	5.24	4.88	8.76	8.21	7.55	7.77	4.48	3.33	5.03	6.98	7.48	6.9	8.58	6.73	2.55	1.43	0	1.53	1.79	6.94	6.14	7.54
F20	4.65	3.6	5.2	4.6	8.96	8.42	7.75	8.01	3.93	2.75	4.49	6.43	7.11	6.69	8.23	6.47	3.13	1.73	1.53	0	1.73	7.49	5.56	7.69
D1	3.93	2.87	4.45	4.04	8.18	7.65	6.97	7.24	3.93	2.96	4.45	6.4	6.67	6.06	7.76	5.89	3.12	2.25	1.79	1.73	0	7.09	5.73	6.9
D2	7.61	7.3	7.52	8.81	7.29	6.77	6.51	6.16	9.95	9.1	10.38	12.24	11.28	9.62	12.09	9.95	5.55	7.1	6.94	7.49	7.09	0	11.82	7.08
D3	6.23	5.83	6.77	4.96	11.05	10.69	10.06	10.53	2.84	3.76	2.55	2.45	5.28	6.52	6.21	5.87	7.74	6.25	6.14	5.56	5.73	11.82	0	9.66
D4	4.46	5.27	3.87	5.65	2.34	2.03	1.63	2.2	8.01	8.07	8.09	9.22	6.81	4.77	7.14	5.41	7.57	8.02	7.54	7.69	6.9	7.08	9.66	0
;

#### DEMANDA DE POLICÍAS (por nodo i)
param dem :=
F1 125
F2 125
F3 75
F4 100
F5 75
F6 100
F7 125
F8 75
F9 50
F10 125
F11 100
F12 125
F13 75
F14 25
F15 25
F16 50
F17 75
F18 50
F19 125
F20 75
;

#### DEMANDA DE VEHÍCULOS (por tipo)
param mu:
    1   2 :=
 F1  0  2
 F2  0  3
 F3  0  2
 F4  0  2
 F5  0  2
 F6  0  3
 F7  0  3
 F8  0  2
 F9  0  2
 F10  0  2
 F11  0  3
 F12  0  2
 F13  0  2
 F14  0  1
 F15  0  1
 F16  0  2
 F17  0  2
 F18  0  2
 F19  0  3
 F20  0  1
;

#### TIEMPOS DE SERVICIO [horas]
param s :=
F1 2.15
F2 2.00
F3 1.21
F4 1.56
F5 1.44
F6 1.78
F7 2.05
F8 1.15
F9 0.73
F10 2.50
F11 1.42
F12 2.16
F13 1.21
F14 0.42
F15 0.39
F16 0.91
F17 1.46
F18 0.71
F19 1.96
F20 1.44
;

#### VENTANAS DE TIEMPO [horas]
param alpha :=
F1 8
F2 8
F3 8
F4 9
F5 12
F6 6
F7 9
F8 10
F9 9
F10 11
F11 8
F12 14
F13 8
F14 14
F15 11
F16 9
F17 11
F18 14
F19 8
F20 8
;

param beta :=
F1 16
F2 16
F3 18
F4 17
F5 20
F6 14
F7 13
F8 20
F9 19
F10 15
F11 12
F12 20
F13 16
F14 19
F15 19
F16 17
F17 15
F18 24
F19 14
F20 14
;

#### PRIORIDAD DE LOS NODOS
param P :=
F1 0.369
F2 0.245
F3 0.386
F4 0.373
F5 0.451
F6 0.442
F7 0.541
F8 0.593
F9 0.256
F10 0.341
F11 0.264
F12 0.260
F13 0.509
F14 0.341
F15 0.295
F16 0.441
F17 0.265
F18 0.362
F19 0.392
F20 0.237
;

