##------CONJUNTOS
set D := D1 D2 D3 D4;
set K := 1 2;

set I := F1 F2 F3 F4 F5 F6 F7 F8 F9 F10 F11 F12 F13 F14 F15 F16 F17 F18 F19 F20 F21 F22 F23 F24 F25 F26 F27 F28;

# F1 -> Excel 295, Comuna 2
# F2 -> Excel 209, Comuna 2
# F3 -> Excel 294, Comuna 2
# F4 -> Excel 216, Comuna 2
# F5 -> Excel 203, Comuna 2
# F6 -> Excel 2298, Comuna 22
# F7 -> Excel 2299, Comuna 22
# F8 -> Excel 2297, Comuna 22
# F9 -> Excel 2296, Comuna 22
# F10 -> Excel 1905, Comuna 19
# F11 -> Excel 1984, Comuna 19
# F12 -> Excel 1913, Comuna 19
# F13 -> Excel 1992, Comuna 19
# F14 -> Excel 1912, Comuna 19
# F15 -> Excel 2102, Comuna 21
# F16 -> Excel 2199, Comuna 21
# F17 -> Excel 2103, Comuna 21
# F18 -> Excel 2194, Comuna 21
# F19 -> Excel 1705, Comuna 17
# F20 -> Excel 1793, Comuna 17
# F21 -> Excel 1791, Comuna 17
# F22 -> Excel 1786, Comuna 17
# F23 -> Excel 1774, Comuna 17
# F24 -> Excel 497, Comuna 4
# F25 -> Excel 406, Comuna 4
# F26 -> Excel 404, Comuna 4
# F27 -> Excel 420, Comuna 4
# F28 -> Excel 417, Comuna 4

# Clústeres
set C := C1 C2 C3 C4 C5 C6;
set IC[C1] := F1 F2 F3 F4 F5;
set IC[C2] := F6 F7 F8 F9;
set IC[C3] := F10 F11 F12 F13 F14;
set IC[C4] := F15 F16 F17 F18;
set IC[C5] := F19 F20 F21 F22 F23;
set IC[C6] := F24 F25 F26 F27 F28;

# Número de vehículos por tipo y depósito
set R[D1,1] := V1 V2 V3 V4;
set R[D1,2] := K1 K2;
set R[D2,1] := V5 V6 V7 V8;
set R[D2,2] := K3;
set R[D3,1] := V9 V10 V11 V12;
set R[D3,2] := K4;
set R[D4,1] := V13 V14 V15 V16;
set R[D4,2] := K5 K6;

##------PARAMETROS GLOBALES
param Vel := 25;

##------CAPACIDAD DE VEHÍCULOS (agentes que pueden transportar)
param q :=
1 5
2 10
;

##------POLICÍAS DISPONIBLES en cada depósito
param h :=
D1 40
D2 30
D3 30
D4 40
;

##------VEHÍCULOS DISPONIBLES por tipo y depósito
param v:
	1	2 :=
D1	4	2
D2	4	1
D3	4	1
D4	4	2
;

##-----DISTANCIAS ENTRE NODOS [km]
param dist:
	F1	F2	F3	F4	F5	F6	F7	F8	F9	F10	F11	F12	F13	F14	F15	F16	F17	F18	F19	F20	F21	F22	F23	F24	F25	F26	F27	F28	D1	D2	D3	D4 :=
F1	0	4.04	1.94	2.77	9.95	16.29	16.4	17.01	20.04	9.72	10.77	8.51	12.9	8.55	13.04	7.96	11.97	12.13	15.63	14.24	15.77	12.06	14.25	3.37	4.44	4.4	2.81	3.64	6.8	4.6	11.35	9.74
F2	4.04	0	3.05	4.67	7.35	13.25	13.35	14.08	16.99	6.62	7.68	5.42	9.88	5.46	11.23	7.09	10.46	10.34	12.63	11.21	12.73	9.11	11.39	3.38	3.47	2.96	4.21	2.23	3.74	5.42	8.26	8.07
F3	1.94	3.05	0	3.1	9.08	15.31	15.41	16.06	19.06	8.72	9.78	7.52	11.93	7.56	12.4	7.54	11.41	11.49	14.66	13.26	14.79	11.11	13.32	2.9	3.81	3.65	2.86	2.78	5.81	4.61	10.35	9.12
F4	2.77	4.67	3.1	0	9.42	16.85	16.93	17.78	20.54	10.08	11.04	8.86	12.86	8.84	14.54	9.66	13.56	13.63	16.28	14.83	16.34	12.81	15.11	5.01	5.97	5.79	4.63	4.87	7.4	6.42	11.5	11.26
F5	9.95	7.35	9.08	9.42	0	10.75	10.68	12.41	13.83	5.26	5.17	4.99	5.14	4.74	14.03	12.18	14.02	13.38	10.63	9.19	10.32	8.46	10.65	9.76	9.52	8.95	10.6	8.57	6.15	11.75	4.93	11.84
F6	16.29	13.25	15.31	16.85	10.75	0	1.26	2.99	4.73	7.77	7.0	8.97	6.86	9.03	10.38	13.16	11.54	10.44	1.92	3.0	1.46	5.33	4.1	14.54	13.57	13.24	15.69	13.7	10.46	15.62	6.87	11.0
F7	16.4	13.35	15.41	16.93	10.68	1.26	0	3.26	4.6	7.82	7.01	9.03	6.73	9.08	10.68	13.39	11.83	10.73	2.22	3.14	1.63	5.51	4.39	14.68	13.72	13.39	15.83	13.82	10.55	15.8	6.84	11.25
F8	17.01	14.08	16.06	17.78	12.41	2.99	3.26	0	4.95	8.96	8.4	10.1	8.74	10.2	9.38	13.0	10.73	9.62	2.74	4.19	3.21	5.91	3.79	15.06	14.02	13.77	16.2	14.35	11.33	15.88	8.44	10.65
F9	20.04	16.99	19.06	20.54	13.83	4.73	4.6	4.95	0	11.41	10.52	12.63	9.66	12.66	13.38	16.79	14.73	13.63	5.54	6.78	5.24	9.11	7.53	18.32	17.35	17.03	19.47	17.47	14.2	19.39	10.23	14.53
F10	9.72	6.62	8.72	10.08	5.26	7.77	7.82	8.96	11.41	0	2.09	2.17	4.75	2.2	9.81	8.99	9.97	9.22	7.3	5.81	7.26	4.34	6.69	8.38	7.63	7.17	9.49	7.34	3.93	9.95	2.84	8.01
F11	10.77	7.68	9.78	11.04	5.17	7.0	7.01	8.4	10.52	2.09	0	3.21	3.67	3.17	10.38	10.03	10.7	9.87	6.66	5.17	6.51	4.27	6.44	9.51	8.78	8.31	10.61	8.45	5.05	11.09	1.74	8.88
F12	8.51	5.42	7.52	8.86	4.99	8.97	9.03	10.1	12.63	2.17	3.21	0	5.64	1.19	10.03	8.44	9.98	9.35	8.47	6.99	8.46	5.3	7.69	7.29	6.62	6.12	8.37	6.2	2.83	8.96	3.85	7.83
F13	12.9	9.88	11.93	12.86	5.14	6.86	6.73	8.74	9.66	4.75	3.67	5.64	0	5.5	12.72	12.75	13.21	12.31	6.97	5.74	6.5	6.16	7.69	11.95	11.31	10.81	13.0	10.82	7.52	13.65	2.87	11.53
F14	8.55	5.46	7.56	8.84	4.74	9.03	9.08	10.2	12.66	2.2	3.17	1.19	5.5	0	10.27	8.66	10.22	9.59	8.55	7.06	8.52	5.45	7.84	7.4	6.76	6.25	8.47	6.29	2.96	9.1	3.76	8.07
F15	13.04	11.23	12.4	14.54	14.03	10.38	10.68	9.38	13.38	9.81	10.38	10.03	12.72	10.27	0	6.45	2.53	1.86	9.41	9.19	10.08	7.57	7.25	10.62	9.56	9.7	11.47	10.64	9.62	10.28	11.06	4.25
F16	7.96	7.09	7.54	9.66	12.18	13.16	13.39	13.0	16.79	8.99	10.03	8.44	12.75	8.66	6.45	0	5.1	5.57	12.24	11.32	12.7	8.96	10.22	5.6	4.74	5.13	6.21	6.06	6.98	4.81	10.83	3.43
F17	11.97	10.46	11.41	13.56	14.02	11.54	11.83	10.73	14.73	9.97	10.7	9.98	13.21	10.22	2.53	5.1	0	2.06	10.57	10.16	11.2	8.26	8.39	9.54	8.54	8.76	10.3	9.72	9.24	8.97	11.44	3.35
F18	12.13	10.34	11.49	13.63	13.38	10.44	10.73	9.62	13.63	9.22	9.87	9.35	12.31	9.59	1.86	5.57	2.06	0	9.46	9.09	10.1	7.26	7.28	9.71	8.65	8.79	10.56	9.73	8.82	9.38	10.58	3.33
F19	15.63	12.63	14.66	16.28	10.63	1.92	2.22	2.74	5.54	7.3	6.66	8.47	6.97	8.55	9.41	12.24	10.57	9.46	0	2.45	1.68	4.55	3.13	13.8	12.8	12.51	14.95	13.01	9.84	14.81	6.66	10.05
F20	14.24	11.21	13.26	14.83	9.19	3.0	3.14	4.19	6.78	5.81	5.17	6.99	5.74	7.06	9.19	11.32	10.16	9.09	2.45	0	2.48	3.34	3.1	12.49	11.53	11.2	13.64	11.65	8.42	13.61	5.2	9.29
F21	15.77	12.73	14.79	16.34	10.32	1.46	1.63	3.21	5.24	7.26	6.51	8.46	6.5	8.52	10.08	12.7	11.2	10.1	1.68	2.48	0	4.83	3.77	14.03	13.06	12.73	15.18	13.18	9.94	15.12	6.41	10.57
F22	12.06	9.11	11.11	12.81	8.46	5.33	5.51	5.91	9.11	4.34	4.27	5.3	6.16	5.45	7.57	8.96	8.26	7.26	4.55	3.34	4.83	0	3.34	10.2	9.2	8.9	11.34	9.42	6.37	11.24	4.75	7.06
F23	14.25	11.39	13.32	15.11	10.65	4.1	4.39	3.79	7.53	6.69	6.44	7.69	7.69	7.84	7.25	10.22	8.39	7.28	3.13	3.1	3.77	3.34	0	12.24	11.19	10.96	13.37	11.57	8.69	13.04	6.73	7.94
F24	3.37	3.38	2.9	5.01	9.76	14.54	14.68	15.06	18.32	8.38	9.51	7.29	11.95	7.4	10.62	5.6	9.54	9.71	13.8	12.49	14.03	10.2	12.24	0	2.06	2.24	2.09	2.14	5.41	2.99	10.19	7.32
F25	4.44	3.47	3.81	5.97	9.52	13.57	13.72	14.02	17.35	7.63	8.78	6.62	11.31	6.76	9.56	4.74	8.54	8.65	12.8	11.53	13.06	9.2	11.19	2.06	0	1.51	3.14	2.29	4.75	3.28	9.49	6.26
F26	4.4	2.96	3.65	5.79	8.95	13.24	13.39	13.77	17.03	7.17	8.31	6.12	10.81	6.25	9.7	5.13	8.76	8.79	12.51	11.2	12.73	8.9	10.96	2.24	1.51	0	3.39	1.91	4.24	3.81	9.01	6.43
F27	2.81	4.21	2.86	4.63	10.6	15.69	15.83	16.2	19.47	9.49	10.61	8.37	13.0	8.47	11.47	6.21	10.3	10.56	14.95	13.64	15.18	11.34	13.37	2.09	3.14	3.39	0	3.12	6.51	2.75	11.28	8.18
F28	3.64	2.23	2.78	4.87	8.57	13.7	13.82	14.35	17.47	7.34	8.45	6.2	10.82	6.29	10.64	6.06	9.72	9.73	13.01	11.65	13.18	9.42	11.57	2.14	2.29	1.91	3.12	0	4.35	4.15	9.1	7.38
D1	6.8	3.74	5.81	7.4	6.15	10.46	10.55	11.33	14.2	3.93	5.05	2.83	7.52	2.96	9.62	6.98	9.24	8.82	9.84	8.42	9.94	6.37	8.69	5.41	4.75	4.24	6.51	4.35	0	7.09	5.73	6.9
D2	4.6	5.42	4.61	6.42	11.75	15.62	15.8	15.88	19.39	9.95	11.09	8.96	13.65	9.1	10.28	4.81	8.97	9.38	14.81	13.61	15.12	11.24	13.04	2.99	3.28	3.81	2.75	4.15	7.09	0	11.82	7.08
D3	11.35	8.26	10.35	11.5	4.93	6.87	6.84	8.44	10.23	2.84	1.74	3.85	2.87	3.76	11.06	10.83	11.44	10.58	6.66	5.2	6.41	4.75	6.73	10.19	9.49	9.01	11.28	9.1	5.73	11.82	0	9.66
D4	9.74	8.07	9.12	11.26	11.84	11.0	11.25	10.65	14.53	8.01	8.88	7.83	11.53	8.07	4.25	3.43	3.35	3.33	10.05	9.29	10.57	7.06	7.94	7.32	6.26	6.43	8.18	7.38	6.9	7.08	9.66	0
;

#### DEMANDA DE POLICÍAS (por nodo i)
param dem :=
F1 50
F2 100
F3 75
F4 50
F5 125
F6 75
F7 25
F8 25
F9 100
F10 50
F11 75
F12 50
F13 50
F14 125
F15 125
F16 50
F17 50
F18 25
F19 75
F20 25
F21 75
F22 25
F23 75
F24 50
F25 100
F26 75
F27 125
F28 100
;

#### DEMANDA DE VEHÍCULOS (por tipo)
param mu:
    1   2 :=
 F1  0  2
 F2  0  3
 F3  0  2
 F4  0  2
 F5  0  3
 F6  0  1
 F7  0  1
 F8  0  1
 F9  0  2
 F10  0  2
 F11  0  1
 F12  0  1
 F13  0  1
 F14  0  2
 F15  0  3
 F16  0  1
 F17  0  1
 F18  0  1
 F19  0  1
 F20  0  1
 F21  0  2
 F22  0  1
 F23  0  2
 F24  0  1
 F25  0  3
 F26  0  2
 F27  0  2
 F28  0  2
;

#### TIEMPOS DE SERVICIO [horas]
param s :=
F1 0.79
F2 1.75
F3 1.24
F4 0.79
F5 2.02
F6 1.34
F7 0.44
F8 0.40
F9 1.66
F10 0.78
F11 1.45
F12 0.85
F13 0.80
F14 2.49
F15 1.86
F16 0.74
F17 0.97
F18 0.49
F19 1.40
F20 0.35
F21 1.31
F22 0.36
F23 1.39
F24 0.76
F25 1.89
F26 1.23
F27 1.91
F28 1.47
;

#### VENTANAS DE TIEMPO [horas]
param alpha :=
F1 14
F2 7
F3 12
F4 14
F5 14
F6 14
F7 11
F8 14
F9 7
F10 10
F11 13
F12 8
F13 7
F14 11
F15 7
F16 12
F17 13
F18 7
F19 6
F20 12
F21 11
F22 14
F23 7
F24 6
F25 8
F26 6
F27 12
F28 8
;

param beta :=
F1 22
F2 16
F3 16
F4 24
F5 20
F6 21
F7 20
F8 24
F9 16
F10 20
F11 17
F12 14
F13 13
F14 20
F15 16
F16 18
F17 23
F18 11
F19 13
F20 18
F21 15
F22 24
F23 16
F24 14
F25 17
F26 10
F27 22
F28 18
;

#### PRIORIDAD DE LOS NODOS
param P :=
F1 0.236
F2 0.300
F3 0.335
F4 0.281
F5 0.212
F6 0.094
F7 0.129
F8 0.205
F9 0.113
F10 0.289
F11 0.255
F12 0.356
F13 0.316
F14 0.224
F15 0.360
F16 0.346
F17 0.555
F18 0.420
F19 0.183
F20 0.329
F21 0.193
F22 0.369
F23 0.269
F24 0.222
F25 0.319
F26 0.306
F27 0.209
F28 0.210
;

