##------CONJUNTOS
set D := D1 D2 D3 D4;
set K := 1 2;

set I := F1 F2 F3 F4 F5 F6 F7 F8 F9 F10 F11 F12 F13 F14 F15 F16 F17 F18 F19 F20;

# F1 -> Excel 410, Comuna 4
# F2 -> Excel 419, Comuna 4
# F3 -> Excel 405, Comuna 4
# F4 -> Excel 412, Comuna 4
# F5 -> Excel 101, Comuna 1
# F6 -> Excel 196, Comuna 1
# F7 -> Excel 199, Comuna 1
# F8 -> Excel 102, Comuna 1
# F9 -> Excel 905, Comuna 9
# F10 -> Excel 901, Comuna 9
# F11 -> Excel 909, Comuna 9
# F12 -> Excel 903, Comuna 9
# F13 -> Excel 709, Comuna 7
# F14 -> Excel 798, Comuna 7
# F15 -> Excel 710, Comuna 7
# F16 -> Excel 706, Comuna 7
# F17 -> Excel 2105, Comuna 21
# F18 -> Excel 2101, Comuna 21
# F19 -> Excel 2194, Comuna 21
# F20 -> Excel 2102, Comuna 21

# Clústeres
set C := C1 C2 C3 C4 C5;
set IC[C1] := F1 F2 F3 F4;
set IC[C2] := F5 F6 F7 F8;
set IC[C3] := F9 F10 F11 F12;
set IC[C4] := F13 F14 F15 F16;
set IC[C5] := F17 F18 F19 F20;

# Número de vehículos por tipo y depósito
set R[D1,1] := V1 V2 V3 V4;
set R[D1,2] := K1 K2;
set R[D2,1] := V5 V6 V7 V8;
set R[D2,2] := K3;
set R[D3,1] := V9 V10 V11 V12;
set R[D3,2] := K4;
set R[D4,1] := V13 V14 V15 V16;
set R[D4,2] := K5 K6;

##------PARAMETROS GLOBALES
param Vel := 25;

##------CAPACIDAD DE VEHÍCULOS (agentes que pueden transportar)
param q :=
1 5
2 10
;

##------POLICÍAS DISPONIBLES en cada depósito
param h :=
D1 40
D2 30
D3 30
D4 40
;

##------VEHÍCULOS DISPONIBLES por tipo y depósito
param v:
	1	2 :=
D1	4	2
D2	4	1
D3	4	1
D4	4	2
;

##-----DISTANCIAS ENTRE NODOS [km]
param dist:
	F1	F2	F3	F4	F5	F6	F7	F8	F9	F10	F11	F12	F13	F14	F15	F16	F17	F18	F19	F20	D1	D2	D3	D4 :=
F1	0	2.13	1.3	1.36	6.94	9.97	7.02	8.27	5.34	6.46	4.14	6.12	4.33	4.19	4.37	5.63	9.7	20.72	9.77	10.69	4.69	3.82	9.45	7.41
F2	2.13	0	2.31	2.48	5.76	8.8	5.83	7.09	4.79	5.64	3.45	5.41	5.33	5.26	5.28	6.44	10.29	20.6	10.15	11.05	3.91	5.01	8.54	7.85
F3	1.3	2.31	0	1.57	7.08	10.16	7.18	8.44	5.16	6.36	4.02	5.98	4.02	3.91	4.04	5.29	9.34	20.41	9.42	10.33	4.59	3.69	9.37	7.05
F4	1.36	2.48	1.57	0	7.28	10.26	7.33	8.58	5.74	6.88	4.55	6.53	4.28	4.07	4.37	5.67	9.81	21.03	9.96	10.88	5.1	3.53	9.86	7.58
F5	6.94	5.76	7.08	7.28	0	4.22	1.43	2.48	5.8	4.78	5.2	5.33	9.79	9.84	9.59	10.45	13.4	20.58	12.64	13.39	4.85	9.81	5.91	10.81
F6	9.97	8.8	10.16	10.26	4.22	0	3.98	2.7	8.97	7.71	8.48	8.36	13.01	13.02	12.82	13.73	16.62	22.63	15.76	16.47	8.1	12.84	7.62	14.03
F7	7.02	5.83	7.18	7.33	1.43	3.98	0	2.22	6.19	5.24	5.51	5.77	9.98	10.0	9.79	10.71	13.76	21.06	13.03	13.8	5.2	9.89	6.37	11.16
F8	8.27	7.09	8.44	8.58	2.48	2.7	2.22	0	7.3	6.15	6.73	6.76	11.25	11.28	11.07	11.97	14.92	21.6	14.13	14.86	6.38	11.15	6.66	12.33
F9	5.34	4.79	5.16	5.74	5.8	8.97	6.19	7.3	0	2.61	2.32	1.94	6.32	6.6	5.93	6.31	8.6	16.93	7.79	8.56	2.11	7.35	5.48	6.03
F10	6.46	5.64	6.36	6.88	4.78	7.71	5.24	6.15	2.61	0	3.3	1.67	7.94	8.18	7.56	7.98	10.03	16.99	9.03	9.72	2.72	8.81	3.96	7.52
F11	4.14	3.45	4.02	4.55	5.2	8.48	5.51	6.73	2.32	3.3	0	2.93	5.85	6.02	5.55	6.25	9.23	18.28	8.66	9.49	1.54	6.49	6.31	6.63
F12	6.12	5.41	5.98	6.53	5.33	8.36	5.77	6.76	1.94	1.67	2.93	0	7.32	7.58	6.92	7.28	9.32	16.73	8.35	9.06	2.45	8.3	4.49	6.79
F13	4.33	5.33	4.02	4.28	9.79	13.01	9.98	11.25	6.32	7.94	5.85	7.32	0	1.42	1.44	2.57	6.83	19.24	7.4	8.3	6.41	2.93	10.85	5.1
F14	4.19	5.26	3.91	4.07	9.84	13.02	10.0	11.28	6.6	8.18	6.02	7.58	1.42	0	1.9	3.02	7.25	19.71	7.86	8.76	6.6	2.47	11.13	5.57
F15	4.37	5.28	4.04	4.37	9.59	12.82	9.79	11.07	5.93	7.56	5.55	6.92	1.44	1.9	0	2.28	6.53	18.78	7.0	7.9	6.09	3.37	10.45	4.67
F16	5.63	6.44	5.29	5.67	10.45	13.73	10.71	11.97	6.31	7.98	6.25	7.28	2.57	3.02	2.28	0	5.21	17.76	5.81	6.69	6.73	4.54	10.68	3.6
F17	9.7	10.29	9.34	9.81	13.4	16.62	13.76	14.92	8.6	10.03	9.23	9.32	6.83	7.25	6.53	5.21	0	14.38	2.7	3.11	9.5	8.74	11.92	3.54
F18	20.72	20.6	20.41	21.03	20.58	22.63	21.06	21.6	16.93	16.99	18.28	16.73	19.24	19.71	18.78	17.76	14.38	0	13.05	12.29	18.05	21.19	15.96	15.11
F19	9.77	10.15	9.42	9.96	12.64	15.76	13.03	14.13	7.79	9.03	8.66	8.35	7.4	7.86	7.0	5.81	2.7	13.05	0	1.86	8.82	9.38	10.58	3.33
F20	10.69	11.05	10.33	10.88	13.39	16.47	13.8	14.86	8.56	9.72	9.49	9.06	8.3	8.76	7.9	6.69	3.11	12.29	1.86	0	9.62	10.28	11.06	4.25
D1	4.69	3.91	4.59	5.1	4.85	8.1	5.2	6.38	2.11	2.72	1.54	2.45	6.41	6.6	6.09	6.73	9.5	18.05	8.82	9.62	0	7.09	5.73	6.9
D2	3.82	5.01	3.69	3.53	9.81	12.84	9.89	11.15	7.35	8.81	6.49	8.3	2.93	2.47	3.37	4.54	8.74	21.19	9.38	10.28	7.09	0	11.82	7.08
D3	9.45	8.54	9.37	9.86	5.91	7.62	6.37	6.66	5.48	3.96	6.31	4.49	10.85	11.13	10.45	10.68	11.92	15.96	10.58	11.06	5.73	11.82	0	9.66
D4	7.41	7.85	7.05	7.58	10.81	14.03	11.16	12.33	6.03	7.52	6.63	6.79	5.1	5.57	4.67	3.6	3.54	15.11	3.33	4.25	6.9	7.08	9.66	0
;

#### DEMANDA DE POLICÍAS (por nodo i)
param dem :=
F1 50
F2 25
F3 125
F4 125
F5 25
F6 75
F7 125
F8 125
F9 25
F10 100
F11 25
F12 125
F13 25
F14 25
F15 100
F16 125
F17 75
F18 125
F19 25
F20 25
;

#### DEMANDA DE VEHÍCULOS (por tipo)
param mu:
    1   2 :=
 F1  0  2
 F2  0  1
 F3  0  3
 F4  0  3
 F5  0  1
 F6  0  2
 F7  0  3
 F8  0  2
 F9  0  1
 F10  0  2
 F11  0  1
 F12  0  2
 F13  0  1
 F14  0  1
 F15  0  3
 F16  0  2
 F17  0  2
 F18  0  3
 F19  0  1
 F20  0  1
;

#### TIEMPOS DE SERVICIO [horas]
param s :=
F1 0.95
F2 0.41
F3 2.22
F4 2.49
F5 0.42
F6 1.23
F7 1.88
F8 1.78
F9 0.43
F10 1.71
F11 0.43
F12 2.11
F13 0.36
F14 0.44
F15 1.72
F16 1.89
F17 1.11
F18 2.27
F19 0.43
F20 0.50
;

#### VENTANAS DE TIEMPO [horas]
param alpha :=
F1 9
F2 8
F3 10
F4 6
F5 9
F6 10
F7 8
F8 12
F9 6
F10 14
F11 13
F12 13
F13 8
F14 12
F15 11
F16 13
F17 13
F18 7
F19 8
F20 7
;

param beta :=
F1 17
F2 18
F3 16
F4 13
F5 14
F6 20
F7 16
F8 19
F9 14
F10 19
F11 21
F12 20
F13 16
F14 18
F15 15
F16 22
F17 20
F18 17
F19 12
F20 13
;

#### PRIORIDAD DE LOS NODOS
param P :=
F1 0.374
F2 0.351
F3 0.207
F4 0.336
F5 0.219
F6 0.314
F7 0.299
F8 0.237
F9 0.417
F10 0.400
F11 0.346
F12 0.365
F13 0.379
F14 0.317
F15 0.330
F16 0.309
F17 0.531
F18 0.456
F19 0.434
F20 0.401
;

