##------CONJUNTOS
set D := D1 D2 D3 D4;
set K := 1 2;

set I := F1 F2 F3 F4 F5 F6 F7 F8 F9 F10 F11 F12 F13 F14 F15 F16 F17 F18 F19 F20 F21 F22 F23 F24 F25 F26 F27 F28;

# F1 -> Excel 1801, Comuna 18
# F2 -> Excel 1896, Comuna 18
# F3 -> Excel 1802, Comuna 18
# F4 -> Excel 1890, Comuna 18
# F5 -> Excel 1812, Comuna 18
# F6 -> Excel 1004, Comuna 10
# F7 -> Excel 1017, Comuna 10
# F8 -> Excel 1016, Comuna 10
# F9 -> Excel 1006, Comuna 10
# F10 -> Excel 1013, Comuna 10
# F11 -> Excel 2099, Comuna 20
# F12 -> Excel 2004, Comuna 20
# F13 -> Excel 2003, Comuna 20
# F14 -> Excel 2008, Comuna 20
# F15 -> Excel 1783, Comuna 17
# F16 -> Excel 1702, Comuna 17
# F17 -> Excel 1775, Comuna 17
# F18 -> Excel 1780, Comuna 17
# F19 -> Excel 1778, Comuna 17
# F20 -> Excel 695, Comuna 6
# F21 -> Excel 608, Comuna 6
# F22 -> Excel 604, Comuna 6
# F23 -> Excel 602, Comuna 6
# F24 -> Excel 610, Comuna 6
# F25 -> Excel 1401, Comuna 14
# F26 -> Excel 1402, Comuna 14
# F27 -> Excel 1405, Comuna 14
# F28 -> Excel 1495, Comuna 14

# Clústeres
set C := C1 C2 C3 C4 C5 C6;
set IC[C1] := F1 F2 F3 F4 F5;
set IC[C2] := F6 F7 F8 F9 F10;
set IC[C3] := F11 F12 F13 F14;
set IC[C4] := F15 F16 F17 F18 F19;
set IC[C5] := F20 F21 F22 F23 F24;
set IC[C6] := F25 F26 F27 F28;

# Número de vehículos por tipo y depósito
set R[D1,1] := V1 V2 V3 V4;
set R[D1,2] := K1 K2;
set R[D2,1] := V5 V6 V7 V8;
set R[D2,2] := K3;
set R[D3,1] := V9 V10 V11 V12;
set R[D3,2] := K4;
set R[D4,1] := V13 V14 V15 V16;
set R[D4,2] := K5 K6;

##------PARAMETROS GLOBALES
param Vel := 25;

##------CAPACIDAD DE VEHÍCULOS (agentes que pueden transportar)
param q :=
1 5
2 10
;

##------POLICÍAS DISPONIBLES en cada depósito
param h :=
D1 40
D2 30
D3 30
D4 40
;

##------VEHÍCULOS DISPONIBLES por tipo y depósito
param v:
	1	2 :=
D1	4	2
D2	4	1
D3	4	1
D4	4	2
;

##-----DISTANCIAS ENTRE NODOS [km]
param dist:
	F1	F2	F3	F4	F5	F6	F7	F8	F9	F10	F11	F12	F13	F14	F15	F16	F17	F18	F19	F20	F21	F22	F23	F24	F25	F26	F27	F28	D1	D2	D3	D4 :=
F1	0	3.66	1.15	2.27	1.53	6.5	4.7	4.88	4.16	4.0	5.03	4.81	4.8	4.34	2.02	3.54	5.42	3.65	3.03	14.77	14.79	14.97	13.83	15.8	9.97	11.33	10.78	11.59	7.95	13.71	3.73	10.24
F2	3.66	0	3.86	4.03	3.24	8.76	6.52	6.92	6.38	6.36	7.62	7.44	7.5	6.87	3.32	5.64	4.4	3.53	5.34	17.0	17.17	17.25	15.89	18.13	11.13	12.8	12.22	12.88	10.45	15.88	6.45	11.59
F3	1.15	3.86	0	2.27	1.7	6.35	4.61	4.76	4.03	3.85	4.84	4.62	4.6	4.16	2.13	3.44	5.55	3.77	2.9	14.61	14.62	14.81	13.69	15.63	9.91	11.25	10.7	11.52	7.77	13.56	3.53	10.16
F4	2.27	4.03	2.27	0	2.03	7.39	5.88	5.97	5.18	4.93	4.65	4.54	4.77	3.87	3.28	4.68	6.54	4.85	4.1	15.56	15.47	15.72	14.74	16.5	11.22	12.5	11.96	12.8	8.58	14.55	3.91	11.44
F5	1.53	3.24	1.7	2.03	0	7.09	5.25	5.45	4.74	4.58	5.34	5.15	5.22	4.6	2.25	4.11	5.45	3.77	3.61	15.36	15.38	15.55	14.41	16.38	10.47	11.87	11.32	12.11	8.53	14.29	4.2	10.76
F6	6.5	8.76	6.35	7.39	7.09	0	3.42	2.86	3.34	3.45	6.16	5.84	5.12	6.32	6.4	4.06	7.99	6.79	4.44	9.22	9.35	9.45	8.29	10.31	6.13	6.63	6.21	7.19	3.01	8.15	4.95	5.92
F7	4.7	6.52	4.61	5.88	5.25	3.42	0	1.57	2.0	2.42	6.23	5.88	5.31	6.02	4.26	2.16	5.53	4.34	2.76	11.46	11.72	11.73	10.32	12.64	6.31	7.58	7.03	7.87	5.42	10.33	4.53	6.51
F8	4.88	6.92	4.76	5.97	5.45	2.86	1.57	0	1.76	2.13	5.88	5.52	4.91	5.74	4.59	2.29	6.14	4.87	2.82	11.03	11.24	11.29	9.96	12.18	6.41	7.5	6.98	7.86	4.82	9.92	4.24	6.5
F9	4.16	6.38	4.03	5.18	4.74	3.34	2.0	1.76	0	1.36	5.18	4.83	4.26	4.98	4.02	1.7	6.08	4.61	2.08	11.61	11.73	11.84	10.62	12.7	7.21	8.31	7.79	8.68	5.07	10.52	3.48	7.32
F10	4.0	6.36	3.85	4.93	4.58	3.45	2.42	2.13	1.36	0	4.76	4.41	3.85	4.57	3.99	1.83	6.32	4.76	1.97	11.72	11.79	11.93	10.79	12.77	7.59	8.63	8.12	9.02	5.03	10.66	3.07	7.67
F11	5.03	7.62	4.84	4.65	5.34	6.16	6.23	5.88	5.18	4.76	0	1.3	1.99	1.73	5.92	5.31	9.24	7.44	4.85	13.27	12.89	13.32	12.85	13.96	11.17	11.85	11.42	12.39	6.32	12.44	2.71	11.08
F12	4.81	7.44	4.62	4.54	5.15	5.84	5.88	5.52	4.83	4.41	1.3	0	1.66	1.71	5.67	4.97	8.96	7.16	4.52	13.06	12.71	13.12	12.6	13.78	10.82	11.52	11.09	12.05	6.08	12.21	2.37	10.74
F13	4.8	7.5	4.6	4.77	5.22	5.12	5.31	4.91	4.26	3.85	1.99	1.66	0	2.3	5.53	4.51	8.7	6.93	4.13	12.41	12.11	12.49	11.91	13.17	10.14	10.81	10.38	11.35	5.4	11.54	2.06	10.04
F14	4.34	6.87	4.16	3.87	4.6	6.32	6.02	5.74	4.98	4.57	1.73	1.71	2.3	0	5.28	4.99	8.66	6.85	4.47	13.77	13.45	13.84	13.25	14.51	11.15	11.97	11.51	12.46	6.74	12.88	2.45	11.13
F15	2.02	3.32	2.13	3.28	2.25	6.4	4.26	4.59	4.02	3.99	5.92	5.67	5.53	5.28	0	3.29	4.36	2.58	2.98	14.66	14.8	14.9	13.6	15.77	9.28	10.78	10.22	10.97	8.08	13.56	4.42	9.63
F16	3.54	5.64	3.44	4.68	4.11	4.06	2.16	2.29	1.7	1.83	5.31	4.97	4.51	4.99	3.29	0	5.44	3.89	1.55	12.32	12.47	12.56	11.29	13.43	7.52	8.77	8.23	9.07	5.82	11.23	3.56	7.72
F17	5.42	4.4	5.55	6.54	5.45	7.99	5.53	6.14	6.08	6.32	9.24	8.96	8.7	8.66	4.36	5.44	0	2.75	5.59	15.59	16.04	15.93	14.2	16.89	8.52	10.42	9.84	10.31	10.0	14.4	7.6	9.17
F18	3.65	3.53	3.77	4.85	3.77	6.79	4.34	4.87	4.61	4.76	7.44	7.16	6.93	6.85	2.58	3.89	2.75	0	3.91	14.81	15.11	15.1	13.57	16.02	8.55	10.26	9.67	10.31	8.7	13.65	5.82	9.04
F19	3.03	5.34	2.9	4.1	3.61	4.44	2.76	2.82	2.08	1.97	4.85	4.52	4.13	4.47	2.98	1.55	5.59	3.91	0	12.72	12.81	12.94	11.75	13.79	8.13	9.35	8.82	9.67	6.05	11.65	3.1	8.31
F20	14.77	17.0	14.61	15.56	15.36	9.22	11.46	11.03	11.61	11.72	13.27	13.06	12.41	13.77	14.66	12.32	15.59	14.81	12.72	0	2.39	1.49	2.76	2.45	9.14	7.3	7.67	8.02	8.0	2.15	12.77	8.26
F21	14.79	17.17	14.62	15.47	15.38	9.35	11.72	11.24	11.73	11.79	12.89	12.71	12.11	13.45	14.8	12.47	16.04	15.11	12.81	2.39	0	1.91	4.05	2.02	10.07	8.37	8.67	9.14	7.83	3.19	12.59	9.21
F22	14.97	17.25	14.81	15.72	15.55	9.45	11.73	11.29	11.84	11.93	13.32	13.12	12.49	13.84	14.9	12.56	15.93	15.1	12.94	1.49	1.91	0	3.29	1.96	9.61	7.8	8.16	8.53	8.11	2.6	12.89	8.73
F23	13.83	15.89	13.69	14.74	14.41	8.29	10.32	9.96	10.62	10.79	12.85	12.6	11.91	13.25	13.6	11.29	14.2	13.57	11.75	2.76	4.05	3.29	0	4.26	7.42	5.52	5.93	6.22	7.47	1.89	12.1	6.55
F24	15.8	18.13	15.63	16.5	16.38	10.31	12.64	12.18	12.7	12.77	13.96	13.78	13.17	14.51	15.77	13.43	16.89	16.02	13.79	2.45	2.02	1.96	4.26	0	10.62	8.8	9.17	9.53	8.87	3.61	13.63	9.75
F25	9.97	11.13	9.91	11.22	10.47	6.13	6.31	6.41	7.21	7.59	11.17	10.82	10.14	11.15	9.28	7.52	8.52	8.55	8.13	9.14	10.07	9.61	7.42	10.62	0	2.96	2.45	2.73	7.36	7.96	9.65	1.82
F26	11.33	12.8	11.25	12.5	11.87	6.63	7.58	7.5	8.31	8.63	11.85	11.52	10.81	11.97	10.78	8.77	10.42	10.26	9.35	7.3	8.37	7.8	5.52	8.8	2.96	0	1.53	1.8	7.24	6.16	10.53	2.2
F27	10.78	12.22	10.7	11.96	11.32	6.21	7.03	6.98	7.79	8.12	11.42	11.09	10.38	11.51	10.22	8.23	9.84	9.67	8.82	7.67	8.67	8.16	5.93	9.17	2.45	1.53	0	1.95	6.97	6.51	10.06	1.63
F28	11.59	12.88	11.52	12.8	12.11	7.19	7.87	7.86	8.68	9.02	12.39	12.05	11.35	12.46	10.97	9.07	10.31	10.31	9.67	8.02	9.14	8.53	6.22	9.53	2.73	1.8	1.95	0	7.97	6.92	11.0	2.31
D1	7.95	10.45	7.77	8.58	8.53	3.01	5.42	4.82	5.07	5.03	6.32	6.08	5.4	6.74	8.08	5.82	10.0	8.7	6.05	8.0	7.83	8.11	7.47	8.87	7.36	7.24	6.97	7.97	0	7.09	5.73	6.9
D2	13.71	15.88	13.56	14.55	14.29	8.15	10.33	9.92	10.52	10.66	12.44	12.21	11.54	12.88	13.56	11.23	14.4	13.65	11.65	2.15	3.19	2.6	1.89	3.61	7.96	6.16	6.51	6.92	7.09	0	11.82	7.08
D3	3.73	6.45	3.53	3.91	4.2	4.95	4.53	4.24	3.48	3.07	2.71	2.37	2.06	2.45	4.42	3.56	7.6	5.82	3.1	12.77	12.59	12.89	12.1	13.63	9.65	10.53	10.06	11.0	5.73	11.82	0	9.66
D4	10.24	11.59	10.16	11.44	10.76	5.92	6.51	6.5	7.32	7.67	11.08	10.74	10.04	11.13	9.63	7.72	9.17	9.04	8.31	8.26	9.21	8.73	6.55	9.75	1.82	2.2	1.63	2.31	6.9	7.08	9.66	0
;

#### DEMANDA DE POLICÍAS (por nodo i)
param dem :=
F1 100
F2 75
F3 125
F4 100
F5 50
F6 125
F7 25
F8 75
F9 50
F10 25
F11 125
F12 50
F13 100
F14 75
F15 25
F16 25
F17 100
F18 50
F19 25
F20 125
F21 75
F22 25
F23 75
F24 25
F25 50
F26 125
F27 75
F28 125
;

#### DEMANDA DE VEHÍCULOS (por tipo)
param mu:
    1   2 :=
 F1  0  3
 F2  0  2
 F3  0  3
 F4  0  3
 F5  0  1
 F6  0  3
 F7  0  1
 F8  0  1
 F9  0  1
 F10  0  1
 F11  0  2
 F12  0  2
 F13  0  3
 F14  0  2
 F15  0  1
 F16  0  1
 F17  0  3
 F18  0  2
 F19  0  1
 F20  0  3
 F21  0  2
 F22  0  1
 F23  0  2
 F24  0  1
 F25  0  1
 F26  0  2
 F27  0  2
 F28  0  2
;

#### TIEMPOS DE SERVICIO [horas]
param s :=
F1 1.47
F2 1.08
F3 1.79
F4 2.00
F5 0.91
F6 1.94
F7 0.37
F8 1.17
F9 0.83
F10 0.48
F11 1.85
F12 0.82
F13 1.54
F14 1.11
F15 0.36
F16 0.42
F17 1.74
F18 0.79
F19 0.50
F20 2.47
F21 1.40
F22 0.41
F23 1.40
F24 0.39
F25 0.78
F26 2.37
F27 1.19
F28 2.19
;

#### VENTANAS DE TIEMPO [horas]
param alpha :=
F1 6
F2 11
F3 8
F4 6
F5 9
F6 10
F7 8
F8 9
F9 6
F10 7
F11 6
F12 12
F13 12
F14 13
F15 14
F16 14
F17 8
F18 12
F19 13
F20 10
F21 12
F22 12
F23 12
F24 13
F25 12
F26 6
F27 14
F28 11
;

param beta :=
F1 14
F2 20
F3 14
F4 14
F5 17
F6 18
F7 17
F8 18
F9 14
F10 13
F11 10
F12 22
F13 21
F14 18
F15 21
F16 23
F17 17
F18 17
F19 22
F20 20
F21 17
F22 21
F23 19
F24 22
F25 22
F26 13
F27 24
F28 15
;

#### PRIORIDAD DE LOS NODOS
param P :=
F1 0.447
F2 0.353
F3 0.407
F4 0.529
F5 0.516
F6 0.221
F7 0.358
F8 0.491
F9 0.322
F10 0.458
F11 0.405
F12 0.470
F13 0.408
F14 0.487
F15 0.340
F16 0.310
F17 0.281
F18 0.186
F19 0.217
F20 0.398
F21 0.452
F22 0.598
F23 0.338
F24 0.427
F25 0.503
F26 0.483
F27 0.530
F28 0.399
;

