##------CONJUNTOS
set D := D1 D2 D3 D4;
set K := 1 2;

set I := F1 F2 F3 F4 F5 F6 F7 F8 F9 F10 F11 F12 F13 F14 F15 F16 F17 F18 F19 F20 F21 F22 F23 F24 F25 F26 F27 F28;

# F1 -> Excel 1896, Comuna 18
# F2 -> Excel 1898, Comuna 18
# F3 -> Excel 1812, Comuna 18
# F4 -> Excel 1891, Comuna 18
# F5 -> Excel 1801, Comuna 18
# F6 -> Excel 1503, Comuna 15
# F7 -> Excel 1504, Comuna 15
# F8 -> Excel 1596, Comuna 15
# F9 -> Excel 1501, Comuna 15
# F10 -> Excel 411, Comuna 4
# F11 -> Excel 402, Comuna 4
# F12 -> Excel 405, Comuna 4
# F13 -> Excel 404, Comuna 4
# F14 -> Excel 418, Comuna 4
# F15 -> Excel 2099, Comuna 20
# F16 -> Excel 2005, Comuna 20
# F17 -> Excel 2004, Comuna 20
# F18 -> Excel 2001, Comuna 20
# F19 -> Excel 2098, Comuna 20
# F20 -> Excel 606, Comuna 6
# F21 -> Excel 608, Comuna 6
# F22 -> Excel 604, Comuna 6
# F23 -> Excel 603, Comuna 6
# F24 -> Excel 602, Comuna 6
# F25 -> Excel 903, Comuna 9
# F26 -> Excel 904, Comuna 9
# F27 -> Excel 909, Comuna 9
# F28 -> Excel 901, Comuna 9

# Clústeres
set C := C1 C2 C3 C4 C5 C6;
set IC[C1] := F1 F2 F3 F4 F5;
set IC[C2] := F6 F7 F8 F9;
set IC[C3] := F10 F11 F12 F13 F14;
set IC[C4] := F15 F16 F17 F18 F19;
set IC[C5] := F20 F21 F22 F23 F24;
set IC[C6] := F25 F26 F27 F28;

# Número de vehículos por tipo y depósito
set R[D1,1] := V1 V2 V3 V4;
set R[D1,2] := K1 K2;
set R[D2,1] := V5 V6 V7 V8;
set R[D2,2] := K3;
set R[D3,1] := V9 V10 V11 V12;
set R[D3,2] := K4;
set R[D4,1] := V13 V14 V15 V16;
set R[D4,2] := K5 K6;

##------PARAMETROS GLOBALES
param Vel := 25;

##------CAPACIDAD DE VEHÍCULOS (agentes que pueden transportar)
param q :=
1 5
2 10
;

##------POLICÍAS DISPONIBLES en cada depósito
param h :=
D1 40
D2 30
D3 30
D4 40
;

##------VEHÍCULOS DISPONIBLES por tipo y depósito
param v:
	1	2 :=
D1	4	2
D2	4	1
D3	4	1
D4	4	2
;

##-----DISTANCIAS ENTRE NODOS [km]
param dist:
	F1	F2	F3	F4	F5	F6	F7	F8	F9	F10	F11	F12	F13	F14	F15	F16	F17	F18	F19	F20	F21	F22	F23	F24	F25	F26	F27	F28	D1	D2	D3	D4 :=
F1	0	3.11	3.24	1.87	3.66	9.42	8.36	7.14	8.84	14.2	13.12	13.9	13.39	15.06	7.62	8.0	7.44	6.73	6.55	17.21	17.17	17.25	17.96	15.89	8.95	9.99	10.93	8.78	10.45	15.88	6.45	11.59
F2	3.11	0	1.95	2.6	2.51	9.72	8.85	7.61	9.18	13.22	12.17	12.99	12.56	14.08	5.67	6.32	5.55	4.78	4.63	16.58	16.26	16.47	17.18	15.37	7.96	8.97	9.93	7.62	9.38	15.24	4.84	11.76
F3	3.24	1.95	0	3.12	1.53	8.74	7.89	6.65	8.2	12.35	11.29	12.1	11.65	13.21	5.34	5.73	5.15	4.45	4.27	15.64	15.38	15.55	16.27	14.41	7.07	8.09	9.06	6.78	8.53	14.29	4.2	10.76
F4	1.87	2.6	3.12	0	3.67	10.11	9.1	7.86	9.54	14.46	13.38	14.19	13.71	15.32	7.31	7.88	7.18	6.42	6.27	17.62	17.46	17.6	18.31	16.34	9.18	10.21	11.17	8.93	10.65	16.28	6.35	12.25
F5	3.66	2.51	1.53	3.67	0	8.25	7.44	6.22	7.72	11.77	10.7	11.52	11.06	12.63	5.03	5.28	4.81	4.16	3.97	15.05	14.79	14.97	15.68	13.83	6.49	7.51	8.48	6.22	7.95	13.71	3.73	10.24
F6	9.42	9.72	8.74	10.11	8.25	0	2.14	3.23	1.52	8.52	7.61	8.0	7.35	9.2	9.7	8.53	9.35	9.42	9.27	9.88	10.68	10.37	11.0	8.38	5.93	6.27	6.54	6.59	6.6	8.74	8.1	3.16
F7	8.36	8.85	7.89	9.1	7.44	2.14	0	2.2	1.63	9.43	8.46	8.93	8.29	10.16	9.4	8.37	9.05	9.01	8.84	11.03	11.75	11.48	12.13	9.54	6.14	6.68	7.13	6.71	7.07	9.87	7.71	4.32
F8	7.14	7.61	6.65	7.86	6.22	3.23	2.2	0	2.66	9.77	8.74	9.31	8.69	10.56	8.45	7.55	8.11	7.99	7.81	11.8	12.31	12.13	12.81	10.34	5.76	6.49	7.1	6.21	6.93	10.57	6.72	5.44
F9	8.84	9.18	8.2	9.54	7.72	1.52	1.63	2.66	0	8.79	7.84	8.29	7.64	9.51	9.34	8.23	8.99	9.03	8.87	10.35	11.07	10.79	11.44	8.86	5.79	6.24	6.6	6.41	6.6	9.18	7.71	3.73
F10	14.2	13.22	12.35	14.46	11.77	8.52	9.43	9.77	8.79	0	2.04	1.49	2.13	1.81	9.87	8.48	9.68	10.35	10.35	5.01	4.01	4.41	5.09	4.64	6.23	5.2	4.24	6.56	4.78	3.88	9.53	7.6
F11	13.12	12.17	11.29	13.38	10.7	7.61	8.46	8.74	7.84	2.04	0	1.79	1.71	2.89	8.97	7.55	8.76	9.4	9.38	5.74	5.04	5.33	6.03	5.06	5.16	4.15	3.18	5.52	3.75	4.47	8.52	6.91
F12	13.9	12.99	12.1	14.19	11.52	8.0	8.93	9.31	8.29	1.49	1.79	0	1.6	2.19	9.81	8.39	9.6	10.24	10.23	4.92	4.22	4.48	5.18	4.36	5.98	4.98	4.02	6.36	4.59	3.69	9.37	7.05
F13	13.39	12.56	11.65	13.71	11.06	7.35	8.29	8.69	7.64	2.13	1.71	1.6	0	2.82	9.57	8.13	9.34	9.95	9.93	5.12	4.73	4.86	5.57	4.33	5.54	4.59	3.65	5.99	4.24	3.81	9.01	6.43
F14	15.06	14.08	13.21	15.32	12.63	9.2	10.16	10.56	9.51	1.81	2.89	2.19	2.82	0	10.66	9.29	10.48	11.16	11.17	4.45	3.18	3.69	4.33	4.4	7.09	6.07	5.1	7.41	5.64	3.52	10.37	8.12
F15	7.62	5.67	5.34	7.31	5.03	9.7	9.4	8.45	9.34	9.87	8.97	9.81	9.57	10.66	0	2.41	1.3	1.84	2.01	13.74	12.89	13.32	14.01	12.85	5.46	6.09	6.91	4.77	6.32	12.44	2.71	11.08
F16	8.0	6.32	5.73	7.88	5.28	8.53	8.37	7.55	8.23	8.48	7.55	8.39	8.13	9.29	2.41	0	2.16	2.83	2.86	12.3	11.52	11.92	12.61	11.39	4.03	4.63	5.45	3.32	4.86	10.99	2.5	9.76
F17	7.44	5.55	5.15	7.18	4.81	9.35	9.05	8.11	8.99	9.68	8.76	9.6	9.34	10.48	1.3	2.16	0	1.75	1.87	13.52	12.71	13.12	13.81	12.6	5.16	5.83	6.67	4.48	6.08	12.21	2.37	10.74
F18	6.73	4.78	4.45	6.42	4.16	9.42	9.01	7.99	9.03	10.35	9.4	10.24	9.95	11.16	1.84	2.83	1.75	0	1.15	14.13	13.4	13.77	14.47	13.15	5.6	6.37	7.25	4.98	6.66	12.8	2.27	10.96
F19	6.55	4.63	4.27	6.27	3.97	9.27	8.84	7.81	8.87	10.35	9.38	10.23	9.93	11.17	2.01	2.86	1.87	1.15	0	14.1	13.4	13.76	14.46	13.11	5.53	6.33	7.22	4.93	6.63	12.77	2.12	10.83
F20	17.21	16.58	15.64	17.62	15.05	9.88	11.03	11.8	10.35	5.01	5.74	4.92	5.12	4.45	13.74	12.3	13.52	14.13	14.1	0	3.11	2.16	2.34	2.46	9.64	8.73	7.82	10.14	8.41	2.29	13.16	8.07
F21	17.17	16.26	15.38	17.46	14.79	10.68	11.75	12.31	11.07	4.01	5.04	4.22	4.73	3.18	12.89	11.52	12.71	13.4	13.4	3.11	0	1.91	2.26	4.05	9.25	8.24	7.28	9.61	7.83	3.19	12.59	9.21
F22	17.25	16.47	15.55	17.6	14.97	10.37	11.48	12.13	10.79	4.41	5.33	4.48	4.86	3.69	13.32	11.92	13.12	13.77	13.76	2.16	1.91	0	1.66	3.29	9.46	8.48	7.53	9.88	8.11	2.6	12.89	8.73
F23	17.96	17.18	16.27	18.31	15.68	11.0	12.13	12.81	11.44	5.09	6.03	5.18	5.57	4.33	14.01	12.61	13.81	14.47	14.46	2.34	2.26	1.66	0	3.75	10.17	9.19	8.24	10.59	8.82	3.21	13.6	9.31
F24	15.89	15.37	14.41	16.34	13.83	8.38	9.54	10.34	8.86	4.64	5.06	4.36	4.33	4.4	12.85	11.39	12.6	13.15	13.11	2.46	4.05	3.29	3.75	0	8.56	7.73	6.88	9.12	7.47	1.89	12.1	6.55
F25	8.95	7.96	7.07	9.18	6.49	5.93	6.14	5.76	5.79	6.23	5.16	5.98	5.54	7.09	5.46	4.03	5.16	5.6	5.53	9.64	9.25	9.46	10.17	8.56	0	1.98	2.93	1.67	2.45	8.3	4.49	6.79
F26	9.99	8.97	8.09	10.21	7.51	6.27	6.68	6.49	6.24	5.2	4.15	4.98	4.59	6.07	6.09	4.63	5.83	6.37	6.33	8.73	8.24	8.48	9.19	7.73	1.98	0	1.91	2.36	1.43	7.4	5.37	6.74
F27	10.93	9.93	9.06	11.17	8.48	6.54	7.13	7.1	6.6	4.24	3.18	4.02	3.65	5.1	6.91	5.45	6.67	7.25	7.22	7.82	7.28	7.53	8.24	6.88	2.93	1.91	0	3.3	1.54	6.49	6.31	6.63
F28	8.78	7.62	6.78	8.93	6.22	6.59	6.71	6.21	6.41	6.56	5.52	6.36	5.99	7.41	4.77	3.32	4.48	4.98	4.93	10.14	9.61	9.88	10.59	9.12	1.67	2.36	3.3	0	2.72	8.81	3.96	7.52
D1	10.45	9.38	8.53	10.65	7.95	6.6	7.07	6.93	6.6	4.78	3.75	4.59	4.24	5.64	6.32	4.86	6.08	6.66	6.63	8.41	7.83	8.11	8.82	7.47	2.45	1.43	1.54	2.72	0	7.09	5.73	6.9
D2	15.88	15.24	14.29	16.28	13.71	8.74	9.87	10.57	9.18	3.88	4.47	3.69	3.81	3.52	12.44	10.99	12.21	12.8	12.77	2.29	3.19	2.6	3.21	1.89	8.3	7.4	6.49	8.81	7.09	0	11.82	7.08
D3	6.45	4.84	4.2	6.35	3.73	8.1	7.71	6.72	7.71	9.53	8.52	9.37	9.01	10.37	2.71	2.5	2.37	2.27	2.12	13.16	12.59	12.89	13.6	12.1	4.49	5.37	6.31	3.96	5.73	11.82	0	9.66
D4	11.59	11.76	10.76	12.25	10.24	3.16	4.32	5.44	3.73	7.6	6.91	7.05	6.43	8.12	11.08	9.76	10.74	10.96	10.83	8.07	9.21	8.73	9.31	6.55	6.79	6.74	6.63	7.52	6.9	7.08	9.66	0
;

#### DEMANDA DE POLICÍAS (por nodo i)
param dem :=
F1 50
F2 125
F3 125
F4 25
F5 75
F6 50
F7 100
F8 25
F9 125
F10 75
F11 75
F12 50
F13 125
F14 50
F15 50
F16 125
F17 125
F18 100
F19 75
F20 100
F21 50
F22 50
F23 75
F24 75
F25 125
F26 75
F27 75
F28 50
;

#### DEMANDA DE VEHÍCULOS (por tipo)
param mu:
    1   2 :=
 F1  0  2
 F2  0  3
 F3  0  2
 F4  0  1
 F5  0  2
 F6  0  1
 F7  0  2
 F8  0  1
 F9  0  3
 F10  0  1
 F11  0  1
 F12  0  1
 F13  0  3
 F14  0  2
 F15  0  1
 F16  0  2
 F17  0  2
 F18  0  3
 F19  0  2
 F20  0  2
 F21  0  2
 F22  0  2
 F23  0  2
 F24  0  2
 F25  0  2
 F26  0  1
 F27  0  2
 F28  0  1
;

#### TIEMPOS DE SERVICIO [horas]
param s :=
F1 0.79
F2 2.06
F3 2.23
F4 0.37
F5 1.16
F6 0.95
F7 1.60
F8 0.35
F9 1.81
F10 1.10
F11 1.16
F12 0.98
F13 1.81
F14 0.95
F15 0.72
F16 2.24
F17 2.34
F18 1.46
F19 1.21
F20 1.63
F21 0.91
F22 0.80
F23 1.32
F24 1.14
F25 1.99
F26 1.23
F27 1.35
F28 0.99
;

#### VENTANAS DE TIEMPO [horas]
param alpha :=
F1 11
F2 12
F3 12
F4 14
F5 14
F6 13
F7 11
F8 10
F9 13
F10 8
F11 11
F12 7
F13 12
F14 13
F15 9
F16 7
F17 10
F18 10
F19 7
F20 13
F21 10
F22 12
F23 10
F24 6
F25 7
F26 10
F27 6
F28 6
;

param beta :=
F1 20
F2 21
F3 22
F4 22
F5 22
F6 23
F7 21
F8 16
F9 20
F10 12
F11 20
F12 15
F13 16
F14 22
F15 15
F16 14
F17 15
F18 20
F19 15
F20 20
F21 17
F22 22
F23 17
F24 16
F25 14
F26 14
F27 11
F28 11
;

#### PRIORIDAD DE LOS NODOS
param P :=
F1 0.419
F2 0.419
F3 0.601
F4 0.461
F5 0.539
F6 0.558
F7 0.599
F8 0.594
F9 0.656
F10 0.365
F11 0.331
F12 0.195
F13 0.321
F14 0.371
F15 0.445
F16 0.358
F17 0.470
F18 0.434
F19 0.429
F20 0.473
F21 0.417
F22 0.467
F23 0.435
F24 0.272
F25 0.486
F26 0.335
F27 0.287
F28 0.304
;

