##------CONJUNTOS
set D := D1 D2 D3 D4;
set K := 1 2;

set I := F1 F2 F3 F4 F5 F6 F7 F8 F9 F10 F11 F12 F13 F14 F15 F16 F17 F18 F19 F20 F21 F22 F23 F24;

# F1 -> Excel 705, Comuna 7
# F2 -> Excel 703, Comuna 7
# F3 -> Excel 711, Comuna 7
# F4 -> Excel 710, Comuna 7
# F5 -> Excel 798, Comuna 7
# F6 -> Excel 810, Comuna 8
# F7 -> Excel 818, Comuna 8
# F8 -> Excel 802, Comuna 8
# F9 -> Excel 814, Comuna 8
# F10 -> Excel 811, Comuna 8
# F11 -> Excel 2006, Comuna 20
# F12 -> Excel 2004, Comuna 20
# F13 -> Excel 2002, Comuna 20
# F14 -> Excel 2008, Comuna 20
# F15 -> Excel 1014, Comuna 10
# F16 -> Excel 1016, Comuna 10
# F17 -> Excel 1003, Comuna 10
# F18 -> Excel 1012, Comuna 10
# F19 -> Excel 1004, Comuna 10
# F20 -> Excel 604, Comuna 6
# F21 -> Excel 605, Comuna 6
# F22 -> Excel 695, Comuna 6
# F23 -> Excel 608, Comuna 6
# F24 -> Excel 601, Comuna 6

# Clústeres
set C := C1 C2 C3 C4 C5;
set IC[C1] := F1 F2 F3 F4 F5;
set IC[C2] := F6 F7 F8 F9 F10;
set IC[C3] := F11 F12 F13 F14;
set IC[C4] := F15 F16 F17 F18 F19;
set IC[C5] := F20 F21 F22 F23 F24;

# Número de vehículos por tipo y depósito
set R[D1,1] := V1 V2 V3 V4;
set R[D1,2] := K1 K2;
set R[D2,1] := V5 V6 V7 V8;
set R[D2,2] := K3;
set R[D3,1] := V9 V10 V11 V12;
set R[D3,2] := K4;
set R[D4,1] := V13 V14 V15 V16;
set R[D4,2] := K5 K6;

##------PARAMETROS GLOBALES
param Vel := 25;

##------CAPACIDAD DE VEHÍCULOS (agentes que pueden transportar)
param q :=
1 5
2 10
;

##------POLICÍAS DISPONIBLES en cada depósito
param h :=
D1 40
D2 30
D3 30
D4 40
;

##------VEHÍCULOS DISPONIBLES por tipo y depósito
param v:
	1	2 :=
D1	4	2
D2	4	1
D3	4	1
D4	4	2
;

##-----DISTANCIAS ENTRE NODOS [km]
param dist:
	F1	F2	F3	F4	F5	F6	F7	F8	F9	F10	F11	F12	F13	F14	F15	F16	F17	F18	F19	F20	F21	F22	F23	F24	D1	D2	D3	D4 :=
F1	0	1.62	3.21	2.4	3.0	4.41	2.47	5.85	3.79	4.3	12.28	11.85	11.64	12.38	7.97	8.31	7.33	8.84	7.04	6.11	4.29	5.6	6.73	5.1	7.07	4.5	11.04	3.8
F2	1.62	0	2.93	1.95	2.35	4.22	2.46	5.84	3.81	4.22	12.36	11.9	11.77	12.47	8.09	8.58	7.53	9.04	7.18	5.43	3.64	4.92	6.06	4.42	6.99	3.83	11.17	4.41
F3	3.21	2.93	0	1.98	2.61	2.25	1.89	4.03	2.26	2.39	10.58	10.1	10.06	10.71	6.43	7.25	6.05	7.53	5.6	5.28	4.37	4.91	5.55	4.59	5.07	3.72	9.49	4.75
F4	2.4	1.95	1.98	0	1.9	3.28	1.94	5.02	3.09	3.38	11.57	11.1	11.03	11.7	7.38	8.05	6.91	8.42	6.51	5.02	3.65	4.56	5.5	4.14	6.09	3.37	10.45	4.67
F5	3.0	2.35	2.61	1.9	0	3.8	2.88	5.66	3.89	4.04	12.18	11.69	11.7	12.32	8.09	8.89	7.71	9.19	7.26	4.11	2.73	3.64	4.68	3.2	6.6	2.47	11.13	5.57
F6	4.41	4.22	2.25	3.28	3.8	0	2.91	2.84	2.03	1.51	9.33	8.84	8.87	9.47	5.31	6.35	5.08	6.49	4.56	5.88	5.44	5.63	5.91	5.42	3.77	4.54	8.3	5.24
F7	2.47	2.46	1.89	1.94	2.88	2.91	0	4.35	2.3	2.78	10.85	10.4	10.25	10.96	6.58	7.13	6.03	7.55	5.67	5.93	4.64	5.5	6.32	5.1	5.55	4.29	9.66	3.86
F8	5.85	5.84	4.03	5.02	5.66	2.84	4.35	0	3.0	2.59	7.5	7.03	6.99	7.62	3.41	4.62	3.31	4.63	2.73	7.67	7.34	7.46	7.57	7.3	2.27	6.42	6.42	5.59
F9	3.79	3.81	2.26	3.09	3.89	2.03	2.3	3.0	0	1.58	9.49	9.04	8.92	9.61	5.25	5.95	4.77	6.28	4.36	6.52	5.67	6.19	6.7	5.89	4.24	5.01	8.32	4.16
F10	4.3	4.22	2.39	3.38	4.04	1.51	2.78	2.59	1.58	0	9.14	8.67	8.62	9.27	4.99	5.91	4.66	6.12	4.18	6.37	5.76	6.08	6.45	5.85	3.72	4.96	8.04	4.78
F11	12.28	12.36	10.58	11.57	12.18	9.33	10.85	7.5	9.49	9.14	0	1.5	1.95	1.17	5.28	5.73	6.1	4.8	6.23	13.66	13.78	13.6	13.26	13.56	6.59	12.73	2.46	11.08
F12	11.85	11.9	10.1	11.1	11.69	8.84	10.4	7.03	9.04	8.67	1.5	0	2.07	1.71	4.89	5.52	5.76	4.55	5.84	13.12	13.28	13.06	12.71	13.03	6.08	12.21	2.37	10.74
F13	11.64	11.77	10.06	11.03	11.7	8.87	10.25	6.99	8.92	8.62	1.95	2.07	0	1.89	4.62	4.82	5.34	3.93	5.55	13.4	13.36	13.29	13.07	13.21	6.24	12.36	1.56	10.27
F14	12.38	12.47	10.71	11.7	12.32	9.47	10.96	7.62	9.61	9.27	1.17	1.71	1.89	0	5.37	5.74	6.16	4.82	6.32	13.84	13.93	13.77	13.45	13.72	6.74	12.88	2.45	11.13
F15	7.97	8.09	6.43	7.38	8.09	5.31	6.58	3.41	5.25	4.99	5.28	4.89	4.62	5.37	0	2.73	1.96	2.27	1.9	10.09	9.79	9.91	9.92	9.76	3.16	8.88	4.03	6.84
F16	8.31	8.58	7.25	8.05	8.89	6.35	7.13	4.62	5.95	5.91	5.73	5.52	4.82	5.74	2.73	0	2.25	1.94	2.86	11.29	10.67	11.03	11.24	10.81	4.82	9.92	4.24	6.5
F17	7.33	7.53	6.05	6.91	7.71	5.08	6.03	3.31	4.77	4.66	6.1	5.76	5.34	6.16	1.96	2.25	0	2.46	1.57	10.0	9.46	9.76	9.93	9.55	3.61	8.67	4.72	5.93
F18	8.84	9.04	7.53	8.42	9.19	6.49	7.55	4.63	6.28	6.12	4.8	4.55	3.93	4.82	2.27	1.94	2.46	0	2.89	11.35	10.94	11.15	11.21	10.97	4.48	10.09	3.33	7.29
F19	7.04	7.18	5.6	6.51	7.26	4.56	5.67	2.73	4.36	4.18	6.23	5.84	5.55	6.32	1.9	2.86	1.57	2.89	0	9.45	9.0	9.22	9.35	9.04	3.01	8.15	4.95	5.92
F20	6.11	5.43	5.28	5.02	4.11	5.88	5.93	7.67	6.52	6.37	13.66	13.12	13.4	13.84	10.09	11.29	10.0	11.35	9.45	0	3.1	1.49	1.91	2.03	8.11	2.6	12.89	8.73
F21	4.29	3.64	4.37	3.65	2.73	5.44	4.64	7.34	5.67	5.76	13.78	13.28	13.36	13.93	9.79	10.67	9.46	10.94	9.0	3.1	0	2.56	3.98	2.03	8.15	2.22	12.8	7.11
F22	5.6	4.92	4.91	4.56	3.64	5.63	5.5	7.46	6.19	6.08	13.6	13.06	13.29	13.77	9.91	11.03	9.76	11.15	9.22	1.49	2.56	0	2.39	1.48	8.0	2.15	12.77	8.26
F23	6.73	6.06	5.55	5.5	4.68	5.91	6.32	7.57	6.7	6.45	13.26	12.71	13.07	13.45	9.92	11.24	9.93	11.21	9.35	1.91	3.98	2.39	0	2.9	7.83	3.19	12.59	9.21
F24	5.1	4.42	4.59	4.14	3.2	5.42	5.1	7.3	5.89	5.85	13.56	13.03	13.21	13.72	9.76	10.81	9.55	10.97	9.04	2.03	2.03	1.48	2.9	0	7.93	1.83	12.68	7.81
D1	7.07	6.99	5.07	6.09	6.6	3.77	5.55	2.27	4.24	3.72	6.59	6.08	6.24	6.74	3.16	4.82	3.61	4.48	3.01	8.11	8.15	8.0	7.83	7.93	0	7.09	5.73	6.9
D2	4.5	3.83	3.72	3.37	2.47	4.54	4.29	6.42	5.01	4.96	12.73	12.21	12.36	12.88	8.88	9.92	8.67	10.09	8.15	2.6	2.22	2.15	3.19	1.83	7.09	0	11.82	7.08
D3	11.04	11.17	9.49	10.45	11.13	8.3	9.66	6.42	8.32	8.04	2.46	2.37	1.56	2.45	4.03	4.24	4.72	3.33	4.95	12.89	12.8	12.77	12.59	12.68	5.73	11.82	0	9.66
D4	3.8	4.41	4.75	4.67	5.57	5.24	3.86	5.59	4.16	4.78	11.08	10.74	10.27	11.13	6.84	6.5	5.93	7.29	5.92	8.73	7.11	8.26	9.21	7.81	6.9	7.08	9.66	0
;

#### DEMANDA DE POLICÍAS (por nodo i)
param dem :=
F1 25
F2 75
F3 100
F4 25
F5 25
F6 100
F7 50
F8 100
F9 100
F10 75
F11 75
F12 50
F13 100
F14 100
F15 100
F16 125
F17 75
F18 25
F19 75
F20 100
F21 100
F22 100
F23 75
F24 125
;

#### DEMANDA DE VEHÍCULOS (por tipo)
param mu:
    1   2 :=
 F1  0  1
 F2  0  2
 F3  0  2
 F4  0  1
 F5  0  1
 F6  0  3
 F7  0  2
 F8  0  3
 F9  0  2
 F10  0  1
 F11  0  1
 F12  0  1
 F13  0  3
 F14  0  2
 F15  0  2
 F16  0  3
 F17  0  1
 F18  0  1
 F19  0  2
 F20  0  3
 F21  0  3
 F22  0  3
 F23  0  2
 F24  0  2
;

#### TIEMPOS DE SERVICIO [horas]
param s :=
F1 0.43
F2 1.42
F3 1.68
F4 0.44
F5 0.38
F6 1.47
F7 0.94
F8 1.98
F9 1.47
F10 1.24
F11 1.09
F12 0.92
F13 1.83
F14 1.61
F15 1.85
F16 2.05
F17 1.32
F18 0.45
F19 1.47
F20 1.44
F21 1.75
F22 1.49
F23 1.38
F24 2.47
;

#### VENTANAS DE TIEMPO [horas]
param alpha :=
F1 8
F2 9
F3 10
F4 8
F5 8
F6 8
F7 8
F8 12
F9 7
F10 14
F11 13
F12 13
F13 6
F14 7
F15 11
F16 10
F17 14
F18 13
F19 12
F20 9
F21 6
F22 6
F23 13
F24 10
;

param beta :=
F1 14
F2 14
F3 19
F4 16
F5 13
F6 14
F7 15
F8 22
F9 16
F10 19
F11 23
F12 20
F13 11
F14 17
F15 17
F16 14
F17 22
F18 18
F19 20
F20 18
F21 15
F22 14
F23 21
F24 14
;

#### PRIORIDAD DE LOS NODOS
param P :=
F1 0.237
F2 0.393
F3 0.172
F4 0.260
F5 0.239
F6 0.221
F7 0.334
F8 0.332
F9 0.401
F10 0.354
F11 0.395
F12 0.527
F13 0.456
F14 0.407
F15 0.396
F16 0.484
F17 0.367
F18 0.320
F19 0.368
F20 0.526
F21 0.483
F22 0.427
F23 0.397
F24 0.318
;

