##------CONJUNTOS
set D := D1 D2 D3 D4;
set K := 1 2;

set I := F1 F2 F3 F4 F5 F6 F7 F8 F9 F10 F11 F12 F13 F14 F15 F16 F17 F18 F19 F20;

# F1 -> Excel 101, Comuna 1
# F2 -> Excel 199, Comuna 1
# F3 -> Excel 102, Comuna 1
# F4 -> Excel 196, Comuna 1
# F5 -> Excel 403, Comuna 4
# F6 -> Excel 419, Comuna 4
# F7 -> Excel 411, Comuna 4
# F8 -> Excel 421, Comuna 4
# F9 -> Excel 812, Comuna 8
# F10 -> Excel 816, Comuna 8
# F11 -> Excel 813, Comuna 8
# F12 -> Excel 806, Comuna 8
# F13 -> Excel 293, Comuna 2
# F14 -> Excel 215, Comuna 2
# F15 -> Excel 219, Comuna 2
# F16 -> Excel 212, Comuna 2
# F17 -> Excel 695, Comuna 6
# F18 -> Excel 608, Comuna 6
# F19 -> Excel 698, Comuna 6
# F20 -> Excel 610, Comuna 6

# Clústeres
set C := C1 C2 C3 C4 C5;
set IC[C1] := F1 F2 F3 F4;
set IC[C2] := F5 F6 F7 F8;
set IC[C3] := F9 F10 F11 F12;
set IC[C4] := F13 F14 F15 F16;
set IC[C5] := F17 F18 F19 F20;

# Número de vehículos por tipo y depósito
set R[D1,1] := V1 V2 V3 V4;
set R[D1,2] := K1 K2;
set R[D2,1] := V5 V6 V7 V8;
set R[D2,2] := K3;
set R[D3,1] := V9 V10 V11 V12;
set R[D3,2] := K4;
set R[D4,1] := V13 V14 V15 V16;
set R[D4,2] := K5 K6;

##------PARAMETROS GLOBALES
param Vel := 25;

##------CAPACIDAD DE VEHÍCULOS (agentes que pueden transportar)
param q :=
1 5
2 10
;

##------POLICÍAS DISPONIBLES en cada depósito
param h :=
D1 40
D2 30
D3 30
D4 40
;

##------VEHÍCULOS DISPONIBLES por tipo y depósito
param v:
	1	2 :=
D1	4	2
D2	4	1
D3	4	1
D4	4	2
;

##-----DISTANCIAS ENTRE NODOS [km]
param dist:
	F1	F2	F3	F4	F5	F6	F7	F8	F9	F10	F11	F12	F13	F14	F15	F16	F17	F18	F19	F20	D1	D2	D3	D4 :=
F1	0	1.43	2.48	4.22	6.33	5.76	6.91	9.08	7.31	8.81	7.63	6.7	7.35	6.15	8.85	6.6	10.36	9.63	9.78	10.69	4.85	9.81	5.91	10.81
F2	1.43	0	2.22	3.98	6.51	5.83	6.97	9.08	7.6	9.1	7.96	7.01	7.33	5.9	8.77	6.49	10.38	9.58	9.76	10.64	5.2	9.89	6.37	11.16
F3	2.48	2.22	0	2.7	7.79	7.09	8.22	10.27	8.84	10.34	9.16	8.23	8.52	6.79	9.9	7.59	11.6	10.75	10.95	11.79	6.38	11.15	6.66	12.33
F4	4.22	3.98	2.7	0	9.54	8.8	9.91	11.88	10.59	12.08	10.89	9.97	10.13	8.08	11.42	9.1	13.24	12.31	12.54	13.33	8.1	12.84	7.62	14.03
F5	6.33	6.51	7.79	9.54	0	2.25	2.48	4.67	2.89	4.08	3.54	2.76	3.59	5.62	5.17	4.26	5.54	5.43	5.33	6.43	3.41	4.67	8.19	6.55
F6	5.76	5.83	7.09	8.8	2.25	0	2.11	4.4	4.19	5.38	4.82	3.97	2.85	4.32	4.53	3.07	5.58	5.06	5.11	6.13	3.91	5.01	8.54	7.85
F7	6.91	6.97	8.22	9.91	2.48	2.11	0	3.3	4.26	5.11	4.91	4.26	2.07	4.65	3.65	3.03	4.42	4.01	4.0	5.06	4.78	3.88	9.53	7.6
F8	9.08	9.08	10.27	11.88	4.67	4.4	3.3	0	6.0	6.27	6.59	6.22	2.7	5.46	2.14	3.87	2.36	1.73	1.65	2.72	7.09	2.7	11.86	8.51
F9	7.31	7.6	8.84	10.59	2.89	4.19	4.26	6.0	0	2.45	1.6	1.59	5.37	7.56	6.77	6.19	6.44	6.78	6.55	7.65	3.51	5.31	7.71	4.72
F10	8.81	9.1	10.34	12.08	4.08	5.38	5.11	6.27	2.45	0	2.26	3.06	6.12	8.7	7.25	7.18	6.32	7.02	6.69	7.72	4.97	5.12	8.82	3.44
F11	7.63	7.96	9.16	10.89	3.54	4.82	4.91	6.59	1.6	2.26	0	1.93	6.02	8.19	7.4	6.84	6.94	7.37	7.12	8.21	3.74	5.79	7.55	4.21
F12	6.7	7.01	8.23	9.97	2.76	3.97	4.26	6.22	1.59	3.06	1.93	0	5.38	7.31	6.89	6.06	6.8	7.01	6.82	7.93	2.87	5.73	7.15	5.2
F13	7.35	7.33	8.52	10.13	3.59	2.85	2.07	2.7	5.37	6.12	6.02	5.38	0	4.03	2.63	2.31	4.06	3.23	3.38	4.3	5.77	3.93	10.45	8.58
F14	6.15	5.9	6.79	8.08	5.62	4.32	4.65	5.46	7.56	8.7	8.19	7.31	4.03	0	4.6	2.66	6.86	5.6	5.97	6.49	6.72	6.98	10.54	11.19
F15	8.85	8.77	9.9	11.42	5.17	4.53	3.65	2.14	6.77	7.25	7.4	6.89	2.63	4.6	0	3.26	3.34	1.96	2.38	2.87	7.45	3.89	12.12	9.58
F16	6.6	6.49	7.59	9.1	4.26	3.07	3.03	3.87	6.19	7.18	6.84	6.06	2.31	2.66	3.26	0	5.28	4.17	4.46	5.17	5.93	5.28	10.31	9.67
F17	10.36	10.38	11.6	13.24	5.54	5.58	4.42	2.36	6.44	6.32	6.94	6.8	4.06	6.86	3.34	5.28	0	2.39	1.92	2.45	8.0	2.15	12.77	8.26
F18	9.63	9.58	10.75	12.31	5.43	5.06	4.01	1.73	6.78	7.02	7.37	7.01	3.23	5.6	1.96	4.17	2.39	0	1.43	2.02	7.83	3.19	12.59	9.21
F19	9.78	9.76	10.95	12.54	5.33	5.11	4.0	1.65	6.55	6.69	7.12	6.82	3.38	5.97	2.38	4.46	1.92	1.43	0	2.06	7.78	2.74	12.55	8.82
F20	10.69	10.64	11.79	13.33	6.43	6.13	5.06	2.72	7.65	7.72	8.21	7.93	4.3	6.49	2.87	5.17	2.45	2.02	2.06	0	8.87	3.61	13.63	9.75
D1	4.85	5.2	6.38	8.1	3.41	3.91	4.78	7.09	3.51	4.97	3.74	2.87	5.77	6.72	7.45	5.93	8.0	7.83	7.78	8.87	0	7.09	5.73	6.9
D2	9.81	9.89	11.15	12.84	4.67	5.01	3.88	2.7	5.31	5.12	5.79	5.73	3.93	6.98	3.89	5.28	2.15	3.19	2.74	3.61	7.09	0	11.82	7.08
D3	5.91	6.37	6.66	7.62	8.19	8.54	9.53	11.86	7.71	8.82	7.55	7.15	10.45	10.54	12.12	10.31	12.77	12.59	12.55	13.63	5.73	11.82	0	9.66
D4	10.81	11.16	12.33	14.03	6.55	7.85	7.6	8.51	4.72	3.44	4.21	5.2	8.58	11.19	9.58	9.67	8.26	9.21	8.82	9.75	6.9	7.08	9.66	0
;

#### DEMANDA DE POLICÍAS (por nodo i)
param dem :=
F1 50
F2 75
F3 25
F4 25
F5 125
F6 100
F7 25
F8 25
F9 25
F10 50
F11 100
F12 25
F13 125
F14 125
F15 100
F16 25
F17 25
F18 75
F19 125
F20 25
;

#### DEMANDA DE VEHÍCULOS (por tipo)
param mu:
    1   2 :=
 F1  0  2
 F2  0  2
 F3  0  1
 F4  0  1
 F5  0  3
 F6  0  2
 F7  0  1
 F8  0  1
 F9  0  1
 F10  0  1
 F11  0  2
 F12  0  1
 F13  0  3
 F14  0  3
 F15  0  2
 F16  0  1
 F17  0  1
 F18  0  1
 F19  0  2
 F20  0  1
;

#### TIEMPOS DE SERVICIO [horas]
param s :=
F1 0.72
F2 1.18
F3 0.39
F4 0.46
F5 1.81
F6 1.80
F7 0.43
F8 0.38
F9 0.49
F10 0.85
F11 1.62
F12 0.35
F13 2.36
F14 1.81
F15 1.95
F16 0.36
F17 0.45
F18 1.13
F19 2.38
F20 0.37
;

#### VENTANAS DE TIEMPO [horas]
param alpha :=
F1 10
F2 8
F3 13
F4 11
F5 14
F6 8
F7 14
F8 9
F9 8
F10 9
F11 14
F12 8
F13 7
F14 14
F15 10
F16 7
F17 11
F18 11
F19 7
F20 9
;

param beta :=
F1 20
F2 13
F3 19
F4 21
F5 18
F6 17
F7 22
F8 13
F9 16
F10 16
F11 24
F12 16
F13 12
F14 19
F15 19
F16 11
F17 15
F18 19
F19 12
F20 16
;

#### PRIORIDAD DE LOS NODOS
param P :=
F1 0.352
F2 0.154
F3 0.141
F4 0.353
F5 0.305
F6 0.353
F7 0.306
F8 0.260
F9 0.423
F10 0.320
F11 0.394
F12 0.217
F13 0.366
F14 0.234
F15 0.386
F16 0.166
F17 0.346
F18 0.351
F19 0.528
F20 0.434
;

